assets/ocean-current-surface-hycom.json
{"header": {"source":"HYCOM GLBy0.08 latest via THREDDS/NCSS","sourceUrl":"https://ncss.hycom.org/thredds/ncss/grid/GLBy0.08/latest","parameterCategory":"ocean_current","nx":180,"ny":161,"lo1":0.0,"la1":80.0,"dx":2.0,"dy":-1.0,"refTime":"2026-05-20T12:00:00Z","units":"m/s","notes":"Surface eastward/northward velocity, downloaded 2026-05-20 and downsampled with horizStride=25.","parameter":"v_current","parameterNumber":3}, "data":
[rows 0 to 35 of 161, columns 81 to 161 of 180]
0.091,0.083,0.066,0.042,0.076,0.069,0.073,0.125,0.083,0.075,0.053,0.035,0.017,0.016,0.015,0.006,0.007,0.0,-0.01,-0.009,-0.013,-0.014,-0.02,-0.033,-0.042,-0.043,-0.039,-0.041,-0.041,-0.04,-0.039,-0.037,-0.038,-0.034,-0.028,-0.022,-0.019,-0.008,-0.005,-0.002,0.004,0.008,0.011,0.017,0.015,0.018,0.029,-0.022,-0.005,0,-0.01,0,0,0,0,0,0,0,0,0,0,0,0,0,-0.166,-0.095,0.036,0,0,0,0,0,0,0,0,0,0,0,0,0,0
0.114,0.104,0.097,0.091,0.072,0.099,0.101,0.106,0.07,0.047,0.042,0.037,0.034,0.024,0.019,0.008,0.006,0.01,0.003,0.001,-0.005,-0.012,-0.026,-0.001,-0.011,-0.018,-0.025,-0.029,-0.029,-0.027,-0.026,-0.025,-0.021,-0.016,-0.004,0.001,0.004,-0.005,0.001,0.02,0.014,0.013,0.021,0.038,0.036,0.003,-0.021,0,0,-0.029,-0.03,-0.023,0,0,0,0,0,0,0,0,0,-0.018,-0.064,0.114,0.013,0,0,0,0,0,0,0,0,0,0,0,0,0,0,0,0
0.149,0.121,0.111,0.108,0.102,0.105,0.103,0.083,0.064,0.054,0.05,0.045,0.037,0.027,0.031,0.022,0.017,0.009,0.012,0.004,-0.004,-0.013,-0.019,-0.029,-0.031,-0.014,0.005,0.008,0.004,-0.011,-0.019,-0.022,-0.015,-0.01,-0.011,-0.006,0.0,0.011,0.019,0.036,0.008,0.001,-0.014,0,0,-0.001,0.024,-0.009,-0.019,0,0.0,0,-0.016,-0.019,-0.027,0.012,0.027,0,0,0,0,0,0.395,0,0,0,0,0,0,0,0,0,0,0,0,0,0,0,0,0,0
0.151,0.14,0.152,0.124,0.107,0.104,0.093,0.088,0.08,0.07,0.065,0.055,0.048,0.04,0.03,0.035,0.031,0.027,0.037,0.024,0.016,0.01,0.005,-0.006,-0.011,-0.016,-0.038,-0.031,-0.017,-0.012,-0.011,-0.016,-0.029,-0.029,-0.012,-0.005,-0.013,0.007,0.008,0,0,0,0.017,-0.003,0.0,-0.012,0.022,-0.008,-0.006,-0.042,-0.057,0,0.126,-0.023,0.03,0,0,0,0,0,0.015,0.276,-0.06,0.236,0,0,0,0,0,0,0,0,0,0,0,0,0,0,0,0,0
0.171,0.185,0.199,0.136,0.106,0.115,0.098,0.102,0.095,0.079,0.074,0.07,0.062,0.048,0.046,0.032,0.049,0.072,0.068,0.052,0.043,0.037,0.026,0.017,0.009,0.002,-0.007,-0.003,-0.014,-0.018,-0.009,-0.017,-0.013,-0.002,0.009,-0.011,-0.008,0.0,0.002,0,0,0,0,0.024,-0.005,0,0,-0.025,-0.008,-0.007,0,0.035,-0.093,0,0.052,0.011,0.105,0.114,0.108,0.092,0.184,0.244,-0.131,0.283,0.177,0.018,0.016,0.015,0.015,0,0,0,0,0,0,0,0,0,0,0,0
0.139,0.133,0.119,0.141,0.14,0.109,0.12,0.112,0.08,0.115,0.122,0.095,0.102,0.081,0.057,0.1,0.096,0.098,0.1,0.084,0.078,0.079,0.059,0.044,0.026,0.021,0.016,0.011,-0.004,-0.008,-0.013,-0.022,-0.027,-0.007,-0.008,-0.012,0.011,0.012,0.042,0.009,-0.012,0.012,-0.007,0,0,0,0.011,-0.058,-0.036,-0.01,0.056,0,0,0,0,0,0,0,0,0.044,-0.068,0.04,0.161,0.257,0.19,0.051,0.059,0.03,0.005,-0.011,-0.024,0,0,0,0,0,0,0,0,0,0
0.119,0.108,0.108,0.122,0.14,0.149,0.164,0.145,0.141,0.122,0.15,0.117,0.111,0.086,0.098,0.092,0.102,0.12,0.124,0.134,0.12,0.109,0.117,0.086,0.077,0.081,0.062,0.042,0.023,0.014,0.006,-0.004,0.002,-0.004,0.001,0.02,0.015,0,0,0,0,-0.022,0.006,-0.002,-0.007,-0.021,-0.038,0.027,-0.019,-0.048,0,0.073,0,0,0,0.012,0.062,0.04,-0.01,0.032,0.251,0.199,0.211,0.096,0.071,0.01,-0.011,-0.046,-0.016,0.013,0.04,0,0,0,0,0,0,0,0,0,0
0.126,0.125,0.129,0.128,0.124,0.121,0.116,0.129,0.129,0.102,0.133,0.085,0.104,0.113,0.105,0.13,0.132,0.116,0.132,0.104,0.136,0.129,0.11,0.13,0.126,0.129,0.128,0.093,0.076,0.045,0.036,0.03,0.013,0.018,-0.001,-0.001,0.02,0,0,0,0,0,0,0.024,0.017,0,0,0.005,0,0,0,-0.001,0,0,0.019,0,-0.004,0,0,0,0,0.044,0.086,0.076,0.035,0.043,-0.002,0.009,0.026,0.0,0.016,0,0,0,0,0,0,0,0,0,0
0.029,0.03,0.134,0.14,0.124,0.103,0.087,0.084,0.049,0.138,0.112,0.06,0.092,0.121,0.129,0.155,0.162,0.147,0.149,0.13,0.121,0.093,0.131,0.161,0.154,0.156,0.165,0.153,0.167,0.13,0.099,0.073,0.081,0.067,0.037,-0.018,-0.006,0,0,0.019,0,0,0,0,0,-0.015,0,0.028,0.064,0,0,-0.016,0.046,0.003,0,0,0,0,0,0,0,0,0.023,-0.029,0.008,0.057,0.013,0.021,0.03,0.026,-0.012,-0.121,0,0,0,0,0,0,0,0,0
0.036,0.037,0.045,-0.005,0.079,0.126,0.111,0.122,-0.109,0,-0.005,-0.014,0.02,-0.001,0.027,0.149,0.134,0.157,0.127,-0.053,0.1,0,0.019,0.03,-0.023,0.166,0.196,0.231,0.224,0.195,0.18,0.151,0.164,0.14,0.063,0.053,0.071,-0.036,-0.05,-0.051,0,0,0,0,0,0,0,0.002,0.015,0.02,-0.024,0,0,0.057,0.13,0.002,0,0,0,0,0,0,0,0,-0.025,0.062,-0.03,0.045,0.023,0.031,0.011,-0.316,0.094,-0.008,0,0,0,0,0,0,0
0.035,0.019,0.004,-0.024,0.043,-0.007,0.159,0.22,0.094,-0.02,0.024,0.031,0.05,0.019,-0.016,-0.03,0.079,0.135,0,0,0,0,0,0,0,0,0,0,-0.016,0.292,0.07,0.088,0.008,0.016,0,0,0.007,0.033,0.045,0.031,0.011,0,0,0,0,0,0,0,0,-0.1,-0.065,0,0,0,0.152,0.091,0.018,0,0,0,0,0,0,0,0,0,-0.021,0.012,0.004,-0.136,-0.107,-0.108,0,0.014,0,0,0,0,0,0,0
0,0,0,0,0.011,0,0,0,0,0.005,0.035,0.036,0.052,0.044,0.03,0.016,0.017,0.002,0,0,0,0,0,0,0,0,0,0,0,0,0,0,0,0,0,0,0,0,0,0,0,-0.002,0.052,0,0,0,-0.028,0,0,0,0,0,0,0,0,0.165,0.013,0,0,0.751,0.254,0,0,0,0,0,0.056,0.025,0.064,-0.073,-0.128,-0.418,-0.188,-0.021,0,0,0,0,0,0,0
0,0,0,0,0,0,0,0,0,0,0,0.032,0.052,0.043,0.055,0.066,0.14,0,0,0,0,0,0,0,0,0,0,0,0,0,0,0,0,0,0,0,0,0,0,0,0,0,0.034,0.009,0.052,0.012,0,0,-0.001,-0.023,0,-0.011,0,0,0,-0.1,0,0,0.07,0.264,0.938,0,0,0,0,0,0,0.052,-0.02,-0.117,-0.223,-0.261,-0.213,0,0,0,0,0,0,0,0
0,0,0,0,0,0,0,0,0,0,0,0,0,0.015,0.106,0.056,0.018,-0.002,0,0,0,0,0,0,0,0,0,0,0,0,0,0,0,0,0,0,0,0,0,0,0,0,0,0,0,0,0,0,0,0,0,0,0,0,0,0,0,0,0,0.176,0.036,0.387,0.262,0,0,0,0,0,0,-0.161,-0.076,-0.139,0.215,0,0,0,0,0,0,0,0
0,0,0,0,0,0,0,0,0,0,0,0,0,0,0.026,0.291,0,0,0,0,0,0,0,0,0,0,0,0,0,0,0,0,0,0,0,0,0,0,0,0,0,0,0,0,0,0,0,0,0,0,0,0,0,0,0,0,0.152,0,0.051,-0.076,-0.28,0.054,0,0,0,0,0.04,0,0,-0.226,-0.171,-0.394,0.037,0,0,0,0,0,0,0,0
0,0,0,0,0,0,0,0,0,-0.093,0.023,-0.062,0,0.106,0.183,0.122,0,0,0,0,0,0,0,0,0,0,0,0,0,0,0,0,0,0,0,0,0,0,0,0,0,0,0,0,0,0,0,0,0,0,0,0,0,0,0,0,0,0,-0.074,-0.177,0,0,0,0,0,0,-0.051,0.011,-0.382,-0.32,-0.095,-0.065,-0.039,0,0,0,0,0,0,0,-0.107
0,0,0,0,0,0,0,0,0,0.007,0.168,-0.092,-0.293,0.187,-0.076,0.123,0.101,0.025,0.009,0,0,0,0,0,0,0,0,0,0,0,0,0,0,0,0,0,0,0,0,0,0,0,0,0,0,0,0,0,0,0,0,0,0,0,0,0.8,0,0,0,-0.092,0,0.648,0.09,0,0,0,0,-0.08,-0.153,-0.171,-0.109,-0.009,-0.078,0.16,0,0,0,0,0,-0.298,0.028
0,0,0,0,0,0,0,0,0,0.156,0.196,0.136,0.052,0.099,-0.219,0.125,0.164,0,0,0,0,0,0,0,0,0,0,0,0,0,0,0,0,0,0,0,0,0,0,0,0,0,0,0,0,0,0,0,0,0,0,0,0,0,-0.177,-0.037,0.027,-0.002,0.099,-0.025,0.339,0.257,0.0,-0.01,0,0,0,-0.085,-0.107,-0.283,-0.478,-0.131,-0.4,0.05,0,0,0,0,0,0.188,0.005
0,-0.771,0,0,0,0,0,0.119,-0.206,0.539,0.155,0.072,-0.22,-0.033,0.023,0.058,-0.073,0,0,0,0,0,0,0,0,0,0,0,0,0,0,0,0,0,0,0,0,0,0,0,0,0,0,0,0,0,0,0,0,0,0,0,0,-0.161,-0.097,-0.055,-0.068,-0.055,0.12,0,0,0,0,-0.058,0.051,-0.106,0.018,-0.46,0.005,-0.031,-0.224,0.134,0.033,0.087,0.362,0,0,0,-0.162,-0.102,-0.012
-0.094,0,0,0,0,0,-0.339,-0.197,-0.036,0.067,-0.153,-0.113,-0.212,-0.318,-0.043,0.005,-0.006,0,0,0,0,0,0,0,-0.065,-0.044,0,0,0,0,0,0,0,0,0,0,0,0,0,0,0,0,0,0,0,0,0,0,0,0,0,0,-0.136,-0.086,-0.06,-0.051,-0.045,-0.014,0.017,-0.005,0.052,0,0,0,0,-0.117,-0.07,-0.017,0.014,-0.277,-0.115,-0.16,0.359,0.293,0.199,0,0,0,-0.345,-0.169,-0.003
0,-0.01,-0.068,-0.192,0.289,0.02,-0.066,-0.125,0.08,-0.04,-0.385,-0.296,-0.239,-0.373,-0.33,-0.528,0,0,0,0,0,0,0,0.934,0,0,0.2,0.157,0.132,0,0,0,0,0,0,0,0,0,0,0,0,0,0,0,0,0,0,0,0,0,0,0,-0.086,-0.086,-0.055,-0.045,-0.025,0.022,0.0,0.053,-0.073,0,0,0,0,-0.46,-0.173,0.317,-0.007,-0.015,-0.097,-0.436,0.178,-0.333,0.472,-0.024,0.246,0,-0.156,-0.013,0.041
0,0,0.072,0.047,-0.165,0.07,-0.014,-0.012,0.013,-0.087,-0.199,-0.232,-0.252,-0.285,-0.417,-0.46,-0.177,-0.389,0.039,0,0,0,0,0.846,-0.236,0.164,0.377,0.426,0.342,0.044,0,0,0,0,0,0,0,0,0,0,0,0,0,0,0,0,0,0,0,0,0,0,-0.074,-0.072,-0.054,-0.028,0.002,0.054,0.008,-0.06,0,0,0,0,0,-0.148,0.01,0,0.045,-0.604,-0.376,0.772,-0.324,0.081,0.134,-0.067,0.096,0.261,-0.062,-0.03,0.017
-0.006,-0.055,-0.117,0.067,0.199,0.009,-0.002,-0.019,0.004,-0.061,0.189,0.048,-0.193,-0.234,-0.246,-0.324,-0.231,-0.56,-0.17,0.359,0.891,0,0.163,0.011,0.354,-0.38,-0.019,0.199,0.496,0.414,0.148,0,-0.004,0,0,0,0,0,0,0,0,0,0,0,0,0,0,0,0,0,0,0,0,-0.05,-0.027,0.04,0.04,0.041,0.061,0.061,-0.049,0,0,0,0,0,0,0,-0.042,-0.443,0.01,-0.077,0.071,-0.307,0.014,0.054,-0.07,0.065,0.027,-0.136,0.047
0,-0.053,0.124,0.081,0.039,-0.058,-0.039,-0.005,0.001,0.117,0.115,-0.041,0.032,-0.41,-0.328,-0.336,-0.299,-0.201,-0.08,0.445,0,-0.12,0,0.02,-0.193,-0.116,0.061,0.068,0.388,0.284,0.134,0.047,0,0,0,0,0,0,0,0,0,0,0,0,0,0,0,0,0,0,0,0,0,0,0,0.005,0.065,0.068,0.034,0.078,-0.105,0,0,0,0,0,0,0,0,0.141,0.089,-0.04,-0.165,-0.163,0.045,0.222,0.315,-0.028,0.038,0.156,0.068
0,-0.172,0.046,0.091,-0.013,0.027,0.038,-0.021,0.021,0.178,0.13,0.234,-0.002,0.035,-0.106,-0.384,-0.141,-0.103,0.075,0,0.056,0.363,-0.126,0.081,-0.119,-0.059,0.026,0.072,0.19,0.257,0.229,0.242,0.116,0,0,0,0,0,0,0,0,0,0,0,0,0,0,0,0,0,0,0,0,0,0,0,0.057,0.06,-0.007,-0.027,0.011,0,0,0,0,0,0,0,0,-0.317,0.184,-0.015,-0.045,-0.219,-0.128,0.088,-0.023,-0.133,0.111,0.134,-0.044
0,-0.474,-0.061,-0.11,-0.091,0.139,0.078,-0.045,0.01,0.049,0.11,0.173,0.201,0.292,0.226,-0.06,-0.081,0,-0.003,0.016,0.167,-0.058,-0.036,-0.056,-0.175,0.017,0.055,0.111,0.193,0.282,0.377,0.235,0.079,0,0,0,0,0,0,0,0,0,0,0,0,0,0,0,0,0,0,0,0,0,0,0,0,0,-0.167,-0.003,0,0,0,0,0,0,0,0,0,0,-0.128,-0.291,-0.107,-0.423,-0.187,-0.053,0.016,-0.233,0.05,0.077,0.085
0.009,-0.093,-0.046,-0.105,-0.077,0.009,-0.115,0.151,0.126,-0.15,0.2,0.166,0.048,0.271,-0.013,0.295,0.341,0.045,-0.115,-0.154,-0.265,-0.232,-0.002,0.01,0.002,-0.051,0.015,0.081,0.046,0.106,0.168,0.232,-0.124,0,0,0,0,0,0,0,0,0,0,0,0,0,0,0,0,0,0,0,0,0,0,0,0,0,-0.185,-0.014,0,0,0,0,0,0,0,0,0,0,0,0.014,-0.221,-0.181,-0.018,-0.159,-0.218,-0.135,-0.052,-0.05,0.108
-0.022,0.139,0.056,0.021,-0.019,-0.052,-0.042,-0.297,-0.015,0.088,0.297,0.275,0.303,-0.084,0.52,-0.065,-0.012,0.094,-0.12,-0.143,-0.098,-0.396,-0.135,-0.054,0.053,-0.018,-0.075,0.067,0.069,0.104,0.11,0.29,0.049,0,-0.128,0,0,0,0,0,0,0,0,0,0,0,0,0,0,0,0,0,0,0,0,0,0,0,0,0.065,0,0,0,0,0,0,0,0,0,0,0,0,-0.27,0.077,-0.205,-0.196,-0.242,-0.047,-0.181,-0.123,0.074
-0.203,-0.023,0.097,-0.108,-0.135,0.047,-0.021,-0.674,0.214,-0.867,0.17,0,0.297,0.118,0.245,0.067,0.117,0.052,-0.103,0.015,-0.055,-0.098,-0.275,0.02,0.121,0.02,0.063,0.045,0.055,0.1,0.112,-0.018,0.003,0.076,-0.29,0,0,0,0,0,0,0,0,0,0,0,0,0,0,0,0,0,0,0,0,0,0,0,0,0.266,0,0,0,0,0,0,0,0,0,0,0,0,0.029,-0.106,-0.388,-0.371,-0.187,-0.048,-0.287,-0.244,0.116
-0.186,-0.115,-0.021,0.061,-0.051,0.046,-0.17,-0.29,-0.199,0.035,0.126,0.263,0.22,0.314,0.201,0.082,0.129,0.109,0.16,0.016,-0.117,-0.246,-0.297,-0.066,-0.039,0.117,0.031,0.143,0.171,0.03,0.014,0.05,0.026,0.057,-0.012,0.048,0,0,0,0,0,0,0,0,0,0,0,0,0,0,0,0,0,0,0,0,0,0,0,0,0,0,0,0,0,0,0,0,0,0,0.189,0,-0.07,-0.1,-0.189,-0.208,-0.071,-0.189,-0.255,0.008,-0.08
-0.214,-0.071,-0.068,-0.178,0.006,-0.167,-0.378,-0.351,-0.219,-0.25,-0.016,-0.197,0.027,0.34,0.266,0.292,0.141,0.205,0.14,-0.09,-0.211,-0.337,-0.255,-0.196,-0.082,-0.034,-0.02,0.027,0.035,-0.064,0.134,0.131,-0.085,0.139,0.193,-0.406,0,0,0,0,0,0,0,0,0,0,0,0,0,0,0,0,0,0,0,0,0,0,0,0,0,0,0,0,0,0,0.305,-0.193,-0.089,0.072,-0.024,0,-0.032,-0.191,-0.073,-0.117,-0.315,0.276,-0.281,0.037,-0.792
-0.035,0.019,-0.082,-0.116,0.02,-0.111,-0.524,-0.392,-0.091,-0.078,-0.002,-0.121,0.246,0.356,0.188,0.072,0.273,0.373,0.092,-0.104,-0.122,-0.168,-0.141,-0.24,-0.076,0.019,0.094,-0.078,-0.058,0.124,0.02,0.057,-0.074,0.108,0.178,-0.199,-0.161,0,0,0,0,0,0,0,0,0,0,0,0,0,0,0,0,0,0,0,0,0,0,0,0,0,0,0,0,0.145,0,-0.358,-0.001,-0.074,0,0,0,-0.124,-0.27,-0.361,-0.205,-0.159,-0.435,-0.175,-0.356
0.075,-0.003,-0.193,-0.205,0.104,-0.081,-0.09,-0.171,0.03,-0.088,-0.228,-0.169,-0.061,0.365,0.414,0.191,0.226,0.323,0.059,-0.098,-0.165,-0.111,-0.094,-0.197,-0.051,0.167,0.026,-0.112,0.036,0.093,0.032,0.044,0.025,0.105,-0.063,-0.172,-0.075,0,0,0,0,0,0,0,0,0,0,0,0,0,0,0,0,0,0,0,0,0,0,0,0,0,0,0,0,0,0.004,-0.267,0.104,0.097,0,0,0,0.019,-0.204,-0.444,-0.279,-0.406,-0.182,0.399,-0.001
-0.086,-0.216,-0.257,-0.342,0.047,-0.139,-0.016,-0.115,-0.229,-0.059,-0.279,-0.368,0.002,0.321,0.079,0.18,-0.052,0.048,-0.038,0.051,0.08,-0.022,-0.232,-0.154,-0.074,-0.023,0.22,0.112,0.117,0.014,0.263,0.037,-0.003,-0.049,-0.093,-0.242,-0.041,0,0,0,0,0,0,0,0,0,0,0,0,0,0,0,0,0,0,0,0,0,0,0,0,0,0,0,0,0,0,0,-0.018,-0.03,-0.012,0.106,0,0.019,-0.018,-0.222,-0.279,-0.145,-0.488,0.336,0.202
-0.172,-0.136,-0.211,-0.254,0.074,-0.038,0.099,-0.322,-0.281,-0.049,-0.388,-0.338,0.07,0.213,0.144,0.303,0.141,0.15,-0.088,-0.026,-0.331,-0.204,-0.109,-0.332,-0.012,-0.066,0.111,0.079,0.053,0.216,-0.037,0.07,0.082,0.017,-0.021,-0.167,-0.21,-0.155,0,0,0,0,0,0,0,0,0,0,0,0,0,0,0,0,0,0,0,0,0,0,0,0,0,0,0,0,0,0,-0.155,0,-0.051,0.142,0.146,0.087,0.112,-0.068,-0.024,-0.261,0.063,0.928,-0.8
0.127,-0.379,-0.516,-0.392,-0.225,0.044,-0.006,0.009,0.042,-0.554,-0.259,-0.177,-0.057,0.216,0.172,0.17,-0.047,0.047,-0.011,-0.05,-0.07,-0.238,-0.092,0.051,0.031,-0.031,0.156,0.133,-0.011,-0.052,-0.106,-0.092,-0.095,-0.049,0.038,-0.082,0.052,0,0,0,0,0,0,0,0,0,0,0,0,0,0,0,0,0,0,0,0,0,0,0,0,0,0,0,0,0,0.015,0,0,-0.138,-0.109,0.095,0.131,0.093,0.106,0.096,0.147,1.08,0.111,0.088,-0.402
