assets/ocean-current-surface-hycom.json
{"header": {"source":"HYCOM GLBy0.08 latest via THREDDS/NCSS","sourceUrl":"https://ncss.hycom.org/thredds/ncss/grid/GLBy0.08/latest","parameterCategory":"ocean_current","nx":180,"ny":161,"lo1":0.0,"la1":80.0,"dx":2.0,"dy":-1.0,"refTime":"2026-05-20T12:00:00Z","units":"m/s","notes":"Surface eastward/northward velocity, downloaded 2026-05-20 and downsampled with horizStride=25.","parameter":"u_current","parameterNumber":2}, "data":
[rows 72 to 107 of 161, columns 80 to 159 of 180]
-0.416,-0.229,-0.475,-0.414,-0.338,-0.43,-0.323,-0.28,-0.163,-0.165,-0.198,0.018,-0.099,-0.157,0.016,-0.258,-0.226,-0.06,-0.142,-0.041,-0.248,-0.055,0.045,-0.167,-0.143,-0.208,0.015,0.282,-0.135,-0.038,-0.092,-0.184,-0.332,-0.217,-0.385,-0.314,-0.223,0.151,0.108,0.048,0.248,0.171,0.009,-0.157,0.209,0.044,-0.078,-0.115,0.156,-0.036,-0.254,0.216,0.225,0.431,0.649,0.093,0.429,0.063,-0.404,-0.021,0.013,0,0,0,0,0,0,0,0,0,0,-0.454,-0.48,-0.264,0.147,0.2,0.469,0.028,-0.045,0.051
-0.24,-0.166,-0.797,-0.907,-0.16,0.031,-0.328,-0.163,-0.31,-0.171,-0.198,0.146,-0.061,-0.012,0.247,0.132,-0.204,0.091,-0.007,0.163,0.079,0.061,0.011,0.254,0.035,0.077,0.136,0.361,0.151,0.026,-0.174,-0.063,-0.302,-0.099,-0.167,-0.201,0.03,0.343,0.255,0.128,0.12,0.088,0.009,0.112,0.123,0.171,0.046,-0.097,0.117,0.048,0.042,0.14,0.338,0.37,0.238,0.135,0.031,-0.222,-0.022,-0.099,-0.567,0.257,0,0,0,0,0,0,0,0,0,0.074,-0.563,-0.321,-0.285,0.032,0.171,-0.227,-0.147,0.015
0.299,0.286,0.139,-0.376,-0.02,-0.257,-0.072,0.078,0.068,0.014,0.169,-0.028,0.111,-0.255,0.201,0.278,0.15,0.049,-0.036,0.254,0.318,0.365,-0.029,0.318,0.214,0.208,0.179,0.237,0.164,0.345,0.362,0.255,0.137,-0.021,0.04,0.231,0.334,0.666,0.481,0.308,0.126,-0.311,-0.053,-0.143,0.111,0.43,0.14,0.017,-0.085,0.086,0.209,0.545,0.701,0.535,0.112,0.341,-0.239,-0.464,0.021,-0.238,0.026,-0.042,0,0,0,0,0,0,0,0,0,0,-0.077,-0.173,-0.271,-0.329,-0.282,-0.256,-0.126,-0.141
0.683,0.718,0.647,0.764,0.418,0.163,0.394,0.203,0.385,0.051,0.175,0.213,0.105,0.137,0.045,0.245,0.135,0.353,0.109,0.115,0.327,0.323,0.143,0.296,0.053,0.448,0.23,0.222,0.204,0.462,0.629,0.483,0.233,0.357,0.494,0.652,0.633,0.581,0.59,0.312,0.283,-0.262,0.121,0.289,0.419,0.354,0.292,-0.098,0.016,0.137,0.179,0.127,0.187,0.125,0.218,0.24,-0.548,0.051,0.391,0.218,0.424,0.156,0,0,0,0,0,0,0,0,0,0,0,0,-0.091,-0.283,-0.21,-0.339,-0.001,0.048
0.591,0.459,0.774,0.588,0.24,0.373,0.467,0.271,0.523,0.45,0.275,0.122,0.365,0.401,0.044,0.316,0.424,0.487,0.37,0.087,0.398,0.398,0.278,0.314,0.41,0.439,0.394,0.264,0.163,0.211,0.313,0.364,0.448,0.434,0.728,0.565,0.402,0.262,0.473,0.307,0.4,0.331,0.362,0.299,0.214,0.159,0.363,-0.212,0.027,0.174,0.093,-0.008,-0.068,-0.013,0.061,0.283,-0.28,0.214,0.272,0.084,0.193,0.086,0,0,0,0,0,0,0,0,0,0,0,0,0,-0.61,0.078,-0.054,0.042,0.015
0.229,0.15,0.332,0.343,-0.015,0.246,0.34,0.296,0.453,0.468,0.3,0.148,0.188,0.459,0.484,0.435,0.662,0.413,0.492,0.451,0.218,0.241,0.313,0.469,0.346,0.195,0.44,0.153,0.282,0.247,0.161,0.295,0.656,0.712,0.58,0.558,0.414,0.271,0.302,0.629,0.35,0.423,0.088,0.085,-0.01,0.196,0.625,0.44,0.361,0.147,0.146,0.016,-0.307,-0.08,0.317,0.379,-0.405,0.14,0.016,-0.126,-0.203,0.019,0,0,0,0,0,0,0,0,0,0,0,0,0,-0.224,-0.209,0.313,0.027,0.025
-0.084,-0.425,-0.241,-0.041,-0.214,-0.161,0.249,0.042,0.274,0.116,0.157,0.321,0.034,0.277,0.562,0.486,0.373,0.087,0.291,0.493,0.444,0.264,0.189,0.092,0.33,0.366,0.257,0.064,0.338,0.341,0.352,0.377,0.55,0.625,0.552,0.397,0.538,0.578,0.174,0.566,0.573,0.67,0.31,0.163,0.017,0.348,0.833,0.857,0.757,0.662,0.556,0.111,-0.193,0.275,0.708,0.575,-0.179,0.115,0.131,-0.179,-0.432,0,0,0,0,0,0,0,0,0,0,0,0,0,0,-0.181,-0.26,-0.16,0.264,-0.012
-0.094,-0.745,-0.333,-0.254,0.228,0.103,-0.035,0.034,-0.087,-0.073,-0.204,0.218,0.233,0.52,0.431,0.378,0.293,0.391,0.332,0.535,0.317,0.395,0.199,-0.156,0.177,0.362,0.232,0.066,0.371,0.484,0.618,0.609,0.698,0.702,0.747,0.679,0.603,0.512,0.516,0.519,0.769,0.887,0.784,0.314,0.157,0.596,0.962,1.108,1.071,0.751,0.816,0.201,-0.134,0.429,0.812,0.29,0.055,0.175,0.048,-0.215,-0.219,0,0,0,0,0,0,0,0,0,0,0,0,0,0,0,-0.269,-0.411,-0.211,0.226
-0.095,-0.85,-0.502,-0.027,0.24,0.067,-0.289,-0.277,-0.439,-0.127,-0.262,0.195,0.552,0.151,0.183,0.128,0.07,0.019,0.345,0.4,0.45,0.594,0.403,0.041,0.316,0.468,0.482,0.588,0.579,0.66,0.564,0.555,0.644,0.709,0.925,0.862,0.825,0.819,0.801,0.762,0.857,0.948,1.249,0.834,0.424,0.607,0.982,0.977,0.885,0.769,0.787,0.602,0.125,0.593,0.39,-0.298,0.086,0.435,0.219,-0.233,0,0,0,0,0,0,0,0,0,0,0,0,0,0,0,0,-1.12,-0.521,-0.144,-0.044
-0.08,-0.626,-0.465,0.02,0.194,-0.107,-0.272,-0.443,-0.45,-0.119,-0.26,0.201,0.314,0.057,0.067,0.024,-0.048,-0.036,0.198,0.113,0.169,0.164,0.247,0.372,0.462,0.572,0.554,0.388,0.433,0.476,0.235,0.302,0.408,0.561,0.712,0.824,0.83,0.631,0.816,0.827,0.799,0.741,0.817,0.814,0.519,0.423,0.761,0.858,0.562,0.418,0.482,0.618,0.373,0.246,0.199,-0.301,0.059,0.446,0.342,-0.073,0,0,0,0,0,0,0,0,0,0,0,0,0,0,0,0,0,-0.105,-0.175,-1.147
0.182,-0.249,0.069,-0.11,-0.297,-0.262,-0.023,-0.224,-0.199,-0.323,-0.108,0.186,0.158,-0.097,0.08,0.222,0.076,0.122,-0.254,-0.11,-0.22,-0.057,0.153,0.168,0.006,0.201,0.253,0.169,0.174,-0.014,0.001,0.239,0.463,0.537,0.536,0.514,0.597,0.531,0.576,0.44,0.439,0.203,0.211,0.154,0.238,0.305,0.437,0.426,0.217,0.101,0.15,0.305,0.164,0.239,0.402,0.656,0.07,0.101,0.521,0.124,0,0,0,0,0,0,0,0,0,0,0,0,0,0,0,0,0,0,-0.356,-0.416
-0.102,0.13,0.247,-0.153,-0.39,-0.367,-0.091,0.066,-0.071,-0.15,-0.188,0.045,-0.145,0.074,0.207,0.167,0.457,0.271,-0.28,-0.17,0.007,-0.061,-0.181,-0.172,-0.105,0.066,0.076,-0.066,0.036,-0.165,-0.045,0.369,0.252,0.264,0.249,0.099,0.31,0.202,0.319,0.235,0.076,-0.351,-0.061,-0.076,0.035,0.217,0.526,0.181,-0.098,-0.199,-0.19,-0.034,0.169,0.511,0.507,0.328,0.111,-0.202,-0.03,0.097,0.492,0,0,0,0,0,0,0,0,0,0,0,0,0,0,0,0,0,0,0
-0.127,0.075,0.438,-0.027,-0.051,-0.496,-0.143,0.072,0.067,0.052,-0.297,-0.081,-0.035,0.113,-0.062,0.279,0.526,0.176,-0.325,-0.202,-0.312,-0.251,-0.259,-0.291,-0.165,-0.137,-0.192,-0.225,0.112,0.146,0.022,0.114,0.103,-0.01,-0.217,0.102,0.168,0.11,0.045,0.218,-0.134,-0.252,-0.342,-0.142,-0.221,0.2,0.078,-0.121,-0.217,-0.25,-0.492,-0.121,0.232,0.485,0.111,-0.135,-0.091,-0.231,-0.315,-0.124,0,0,0,0,0,0,0,0,0,0,0,0,0,0,0,0,0,0,0,0
-0.077,-0.1,-0.086,-0.05,-0.235,-0.395,-0.311,-0.166,-0.012,0.059,-0.14,-0.191,-0.302,-0.292,-0.211,-0.256,0.093,-0.281,-0.247,-0.158,-0.412,-0.207,-0.222,-0.298,-0.252,-0.164,-0.243,-0.295,-0.247,0.049,-0.135,-0.276,-0.172,-0.343,-0.208,-0.203,-0.04,-0.135,-0.215,-0.455,-0.289,-0.286,-0.162,-0.04,-0.14,-0.119,-0.274,-0.216,-0.178,-0.294,-0.448,-0.524,-0.094,0.015,0.017,-0.107,-0.161,-0.133,-0.51,-0.589,0,0,0,0,0,0,0,0,0,0,0,0,0,0,0,0,0,0,0,0
-0.153,-0.193,-0.657,-0.242,-0.144,-0.321,-0.581,0.055,-0.288,-0.364,-0.078,0.064,-0.196,-0.047,-0.112,-0.486,-0.739,-0.32,-0.076,-0.223,-0.318,-0.299,-0.381,-0.331,-0.188,-0.355,-0.301,-0.319,-0.339,-0.174,-0.18,-0.228,-0.181,-0.353,-0.166,-0.192,-0.473,-0.603,-0.35,-0.353,-0.203,-0.287,-0.261,-0.114,-0.098,-0.14,-0.051,-0.16,-0.298,-0.227,-0.286,-0.47,-0.386,-0.256,-0.174,0.041,-0.246,-0.056,-0.199,-0.33,0,0,0,0,0,0,0,0,0,0,0,0,0,0,0,0,0,0,0,0
-0.048,-0.1,-0.36,-0.421,-0.211,-0.342,-0.482,-0.183,-0.305,-0.32,-0.185,-0.075,-0.051,-0.029,0.018,-0.112,-0.405,-0.179,-0.107,-0.265,-0.246,-0.242,-0.286,-0.189,-0.154,-0.189,-0.077,-0.294,-0.118,-0.178,-0.071,-0.198,-0.254,-0.072,-0.15,-0.358,-0.457,-0.321,-0.108,-0.144,-0.224,-0.183,-0.424,-0.234,-0.082,-0.23,-0.337,-0.166,-0.249,-0.278,-0.292,0.043,-0.118,-0.221,-0.235,-0.225,-0.217,-0.263,-0.026,-0.239,-0.301,0,0,0,0,0,0,0,0,0,0,0,0,0,0,0,0,0,0,0
0.052,-0.085,-0.176,-0.289,-0.424,-0.205,-0.232,-0.349,-0.276,-0.333,-0.23,-0.158,-0.123,-0.286,0.084,-0.046,-0.042,-0.067,-0.148,-0.194,-0.13,-0.083,-0.018,-0.126,-0.059,-0.025,-0.374,-0.097,-0.113,-0.006,-0.111,-0.187,-0.244,-0.224,-0.385,-0.277,-0.206,-0.184,-0.105,-0.097,-0.166,-0.125,-0.242,-0.394,-0.553,-0.223,-0.23,-0.124,-0.169,-0.153,-0.127,0.01,0.03,-0.322,-0.356,-0.339,-0.17,-0.242,0.005,-0.197,-0.103,0,0,0,0,0,0,0,0,0,0,0,0,0,0,0,0,0,0,0
0.031,0.093,-0.287,-0.023,-0.266,-0.213,-0.295,-0.116,0.052,-0.26,-0.36,-0.299,-0.196,-0.291,-0.032,-0.305,-0.045,-0.065,-0.134,-0.25,-0.293,-0.171,-0.192,-0.117,-0.084,-0.093,-0.313,0.002,0.089,-0.165,-0.048,-0.19,-0.274,-0.299,-0.369,-0.274,-0.088,0.001,-0.224,-0.163,-0.098,-0.13,-0.148,-0.206,-0.216,-0.064,0.014,0.046,-0.251,-0.256,-0.118,-0.089,-0.031,-0.261,-0.214,-0.246,-0.238,-0.17,-0.035,-0.068,-0.631,0,0,0,0,0,0,0,0,0,0,0,0,0,0,0,0,0,0,0
-0.117,-0.048,-0.24,-0.131,-0.262,-0.099,-0.215,-0.098,0.019,-0.14,-0.344,-0.397,-0.16,-0.131,-0.362,-0.151,-0.075,-0.072,-0.13,-0.153,-0.006,-0.197,-0.098,-0.115,-0.131,-0.179,-0.097,-0.222,-0.188,-0.118,-0.172,-0.201,-0.12,-0.243,-0.28,-0.198,-0.22,-0.156,-0.255,-0.245,-0.181,-0.189,-0.122,0.022,-0.002,-0.086,-0.068,-0.15,-0.034,-0.128,-0.115,-0.354,-0.22,-0.141,-0.138,-0.158,-0.102,-0.211,-0.027,-0.017,-0.117,0,0,0,0,0,0,0,0,0,0,0,0,0,0,0,0,0,0,0
-0.617,-0.025,0.143,-0.176,-0.089,0.058,-0.157,0.118,-0.216,-0.05,-0.062,-0.078,-0.353,-0.213,-0.173,-0.046,-0.145,-0.016,-0.032,-0.059,-0.211,-0.001,-0.12,-0.023,-0.084,-0.146,-0.072,-0.164,-0.207,-0.073,-0.202,-0.306,-0.132,-0.213,-0.229,-0.261,-0.153,-0.155,-0.111,-0.107,-0.183,-0.267,-0.169,-0.092,-0.139,-0.037,-0.134,-0.196,-0.118,0.004,-0.082,-0.038,-0.108,-0.021,0.011,-0.099,-0.145,-0.125,-0.113,-0.172,0.02,-0.164,0,0,0,0,0,0,0,0,0,0,0,0,0,0,0,0,0,0
-0.286,-0.347,0.021,-0.321,0.145,0.252,-0.148,0.006,0.123,0.017,-0.116,0.132,-0.233,-0.33,-0.208,-0.048,-0.139,-0.235,0.028,-0.025,-0.062,-0.084,-0.034,-0.132,-0.024,-0.146,-0.058,-0.087,-0.181,-0.198,-0.205,-0.014,-0.304,-0.311,-0.208,-0.303,-0.287,-0.114,-0.206,-0.163,-0.236,-0.281,-0.306,0.005,-0.217,-0.112,-0.175,-0.108,-0.046,-0.094,-0.102,-0.115,-0.127,-0.101,-0.264,-0.109,-0.227,-0.086,-0.037,-0.01,-0.009,0.016,0,0,0,0,0,0,0,0,0,0,0,0,0,0,0,0,0,0
0.427,-0.136,-0.335,-0.295,-0.056,0.208,-0.297,0.039,-0.046,-0.057,-0.025,0.049,-0.083,-0.031,0.043,-0.184,0.027,0.086,-0.047,-0.056,-0.035,-0.095,0.111,-0.098,-0.046,-0.043,-0.076,-0.102,-0.176,-0.183,-0.074,-0.079,-0.202,-0.142,-0.171,-0.075,-0.132,-0.091,-0.152,-0.162,-0.11,-0.116,-0.004,-0.157,-0.13,-0.247,-0.014,-0.121,-0.196,-0.217,-0.197,-0.188,-0.177,-0.034,-0.076,-0.147,-0.196,-0.155,-0.129,-0.171,-0.114,0.071,0,0,0,0,0,0,0,0,0,0,0,0,0,0,0,0,0,0
-0.4,-0.264,-0.158,-0.03,-0.081,0.034,-0.158,0.107,-0.038,0.156,0.085,0.115,0.113,0.182,-0.086,0.088,0.071,0.002,0.061,0.173,0.298,-0.08,-0.08,0.144,-0.002,-0.005,0.02,0.114,-0.084,-0.192,-0.1,-0.051,-0.06,-0.076,-0.011,-0.026,-0.163,-0.067,-0.174,0.082,-0.15,-0.164,-0.14,-0.084,-0.091,0.029,-0.14,-0.078,-0.183,-0.309,-0.16,-0.143,-0.179,-0.261,-0.343,-0.172,-0.166,-0.176,-0.254,-0.198,0.098,-0.05,0,0,0,0,0,0,0,0,0,0,0,0,0,0,0,0,0,0
-0.486,-0.22,0.092,0.079,-0.041,-0.171,-0.211,-0.195,-0.113,-0.023,0.024,-0.083,-0.03,0.465,0.156,0.103,0.01,-0.092,-0.017,0.139,-0.002,-0.057,0.162,0.084,0.102,-0.059,0.006,0.012,0.09,0.116,0.19,-0.17,-0.023,-0.098,-0.112,-0.031,-0.106,-0.12,-0.027,-0.177,-0.055,-0.059,-0.071,-0.18,-0.226,-0.198,-0.106,-0.101,-0.153,-0.364,-0.109,-0.216,-0.253,-0.154,-0.165,-0.17,-0.069,-0.084,-0.223,0.01,-0.036,-0.199,-0.308,0,0,0,0,0,0,0,0,0,0,0,0,0,0,0,0,0
0.04,0.244,-0.112,-0.07,-0.122,-0.057,-0.118,-0.36,-0.175,-0.335,0.053,0.041,-0.102,-0.065,0.196,0.068,0.082,-0.232,-0.121,0.066,0.187,0.249,-0.164,0.266,0.167,0.023,-0.147,0.026,-0.264,-0.117,-0.129,-0.193,-0.113,-0.198,-0.044,-0.106,-0.04,-0.077,-0.097,-0.096,-0.109,-0.079,-0.204,-0.164,-0.138,-0.231,-0.039,0.012,-0.167,-0.097,-0.053,-0.16,-0.098,-0.033,-0.02,-0.067,0.036,-0.067,-0.164,-0.127,0.056,-0.028,0.117,0,0,0,0,0,0,0,0,0,0,0,0,0,0,0,0,0
-0.05,0.05,-0.166,-0.356,0.096,-0.155,0.04,-0.143,-0.189,-0.104,0.084,-0.253,-0.056,0.085,0.253,0.215,0.228,0.16,-0.071,-0.169,-0.008,0.047,0.104,0.117,0.281,0.119,-0.05,-0.115,-0.197,-0.193,-0.171,-0.016,0.031,-0.068,-0.155,-0.069,0.038,-0.023,-0.049,-0.021,-0.168,-0.102,-0.109,-0.128,-0.028,-0.045,0.024,-0.051,-0.153,-0.13,-0.06,-0.21,-0.223,0.057,-0.063,-0.203,-0.085,-0.148,-0.088,0.005,-0.236,-0.024,-0.019,0.071,0,0,0,0,0,0,0,0,0,0,0,0,0,0,0,0
-0.123,-0.004,-0.473,0.426,-0.076,-0.237,-0.029,0.002,-0.248,0,-0.154,-0.075,0.028,0.39,0.264,0.173,0.356,0.254,0.178,-0.103,0.063,0.024,0.258,0.069,0.053,0.052,0.129,-0.097,-0.074,-0.115,-0.001,-0.064,-0.15,0.063,-0.112,-0.066,0.02,0.082,-0.07,-0.025,0.003,-0.022,-0.101,0.046,-0.004,0.118,-0.104,-0.062,-0.115,0.032,-0.141,-0.065,-0.065,0.003,-0.041,-0.114,-0.092,-0.171,-0.111,-0.029,-0.099,-0.109,0.016,0.148,0.22,0,0,0,0,0,0,0,0,0,0,0,0,0,0,0
0.403,-0.109,-0.085,-0.082,-0.275,0.071,-0.196,-0.169,-0.265,0.017,0.046,-0.174,0.013,0.087,0.261,0.093,0.132,0.087,0.148,0.172,0.111,0.132,0.388,0.422,0.052,-0.163,-0.133,-0.145,0.068,0.039,-0.136,-0.161,-0.044,-0.109,-0.012,-0.09,-0.077,-0.169,0.108,-0.057,-0.055,-0.067,0.039,-0.004,-0.026,-0.059,0.003,-0.132,0.044,-0.004,-0.144,-0.037,-0.042,-0.201,-0.19,-0.104,-0.144,0.041,-0.17,0.001,-0.016,-0.04,0.046,-0.065,0.014,0,0,0,0,0,0,0,0,0,0,0,0,0,0,0
0.152,0.133,-0.046,-0.072,0.213,-0.073,-0.317,-0.22,-0.199,-0.024,0.118,-0.098,0.164,-0.108,-0.042,0.037,0.13,0.194,0.151,0.153,0.274,0.229,0.068,0.147,0.038,0.005,0.053,-0.05,0.149,0.067,0.021,-0.048,-0.198,-0.215,-0.066,-0.124,-0.112,-0.041,-0.074,-0.028,0.004,0.088,0.038,-0.042,-0.024,-0.079,-0.163,0.009,0.05,0.012,-0.025,0.06,-0.158,-0.224,-0.175,0.03,0.057,-0.073,-0.165,-0.14,-0.071,-0.156,0.008,-0.03,-0.132,0,0,0,0,0,0,0,0,0,0,0,0,0,0,0
0.145,-0.021,0.001,-0.085,-0.089,-0.035,-0.121,-0.135,0.033,0.055,-0.067,0.144,-0.017,0.021,-0.054,0.352,-0.008,0.29,0.184,0.463,0.302,0.067,0.11,-0.018,0.035,0.056,0.013,-0.042,0.024,-0.022,0.13,0.045,0.093,-0.116,-0.072,0.078,-0.005,-0.048,-0.066,-0.009,-0.034,-0.063,0.004,0.016,0.157,0.049,-0.013,0.02,-0.054,0.02,-0.022,-0.036,-0.275,-0.05,-0.079,-0.009,0.151,-0.231,-0.033,0.095,0.185,-0.1,-0.03,0.047,0.003,0,0,0,0,0,0,0,0,0,0,0,0,0,0,0
0.262,-0.087,0.205,-0.031,-0.195,0.12,0.155,-0.051,-0.232,-0.166,-0.157,-0.101,0.031,0.246,0.12,0.184,0.049,0.048,0.083,0.488,0.417,0.085,0.085,0.102,0.092,-0.199,-0.061,-0.134,-0.233,0.058,0.086,0.134,-0.015,-0.013,-0.056,-0.238,-0.095,-0.018,-0.02,0.02,-0.136,-0.081,0.114,-0.028,-0.005,-0.037,-0.064,0.044,0.108,0.018,-0.002,-0.151,0.049,-0.018,-0.04,-0.008,-0.164,-0.092,-0.1,-0.25,0.013,0.015,-0.172,-0.118,-0.009,0,0,0,0,0,0,0,0,0,0,0,0,0,0,0
0.027,0.175,0.079,0.068,-0.117,-0.121,-0.222,-0.178,-0.173,0.004,-0.1,-0.176,0.059,0.354,0.07,-0.03,-0.136,-0.03,0.278,-0.055,-0.232,0.37,-0.047,-0.176,-0.302,-0.142,-0.137,0.006,0.127,0.014,-0.093,0.115,-0.058,-0.08,-0.083,-0.091,-0.027,-0.125,-0.195,-0.106,-0.062,0.045,-0.144,-0.005,-0.03,-0.043,0.121,-0.064,-0.005,0.093,0.086,-0.056,0.083,-0.021,0.113,-0.047,-0.008,0.006,0.011,-0.081,-0.333,-0.042,-0.022,0.005,0.052,0,0,0,0,0,0,0,0,0,0,0,0,0,0,0
-0.17,0.16,-0.271,-0.242,-0.216,-0.008,0.139,0.123,-0.116,0.067,-0.095,-0.09,-0.104,0.639,0.039,-0.31,-0.246,0.066,0.679,0.013,0.052,0.184,0.104,0.088,-0.094,-0.087,0.014,0.058,-0.03,0.164,0.193,0.041,0.11,0.098,0.215,0.156,-0.037,-0.036,-0.161,-0.176,-0.233,-0.041,-0.098,-0.121,0.152,0.058,0.048,0.108,0.058,-0.12,-0.077,0.101,0.005,-0.031,0.081,0.03,-0.13,0.012,-0.031,-0.099,-0.027,-0.027,0.125,0.133,-0.058,0,0,0,0,0,0,0,0,0,0,0,0,0.115,-0.11,0.229
-0.042,-0.159,-0.037,0.356,0.408,0.049,-0.313,0.06,0.206,-0.091,-0.12,0.067,-0.309,-0.202,-0.004,-0.191,0.244,-0.042,0.051,0.168,0.252,0.091,-0.064,0.164,0.316,0.105,0.117,-0.006,-0.035,0.144,0.013,-0.004,0.168,0.0,-0.147,-0.085,0.156,0.156,-0.116,-0.214,-0.01,0.08,0.147,-0.033,-0.048,0.206,0.06,0.2,0.128,-0.064,-0.065,-0.186,0.076,0.033,-0.124,-0.092,-0.152,0.008,0.114,0.105,0.049,-0.067,0.0,-0.037,0.093,0,0,0,0,0,0,0,0,0,0,0,0,-0.032,-0.098,-0.209
-0.294,-0.025,0.462,0.157,-0.078,-0.082,0.273,0.182,-0.224,-0.123,0.089,0.023,-0.352,-0.332,0.127,-0.116,-0.168,0.107,0.239,0.145,-0.183,-0.249,0.011,-0.112,-0.037,0.286,-0.081,0.191,0.086,-0.018,-0.005,-0.005,-0.012,0.084,-0.082,-0.174,0.103,0.078,0.041,0.046,-0.063,-0.081,-0.112,-0.02,-0.121,0.021,0.08,0.069,0.03,0.012,0.143,0.036,-0.133,0.057,-0.136,0.019,-0.011,-0.181,0.078,0.016,-0.166,0.028,-0.014,-0.032,0.025,0,0,0,0,0,0,0,0,0,0,0,0.039,0.028,0.016,-0.178
-0.301,0.049,0.062,-0.218,-0.175,-0.328,-0.039,0.076,-0.015,0.048,-0.419,-0.529,-0.335,-0.395,-0.626,0.242,0.14,0.272,0.202,-0.18,-0.357,-0.298,-0.074,-0.199,-0.227,-0.095,0.177,-0.175,-0.2,-0.25,0.04,-0.011,-0.113,0.079,0.141,0.106,0.131,0.133,0.183,-0.009,-0.083,-0.082,0.036,-0.038,-0.174,-0.152,0.165,0.162,0.056,0.15,0.083,0.022,-0.094,-0.12,-0.11,-0.173,-0.023,-0.005,-0.128,-0.288,-0.064,0.123,-0.094,0.004,-0.093,0,0,0,0,0,0,0,0,0,0,0,0.037,0.039,-0.176,0.098
