assets/ocean-current-surface-hycom.json
{"header": {"source":"HYCOM GLBy0.08 latest via THREDDS/NCSS","sourceUrl":"https://ncss.hycom.org/thredds/ncss/grid/GLBy0.08/latest","parameterCategory":"ocean_current","nx":180,"ny":161,"lo1":0.0,"la1":80.0,"dx":2.0,"dy":-1.0,"refTime":"2026-05-20T12:00:00Z","units":"m/s","notes":"Surface eastward/northward velocity, downloaded 2026-05-20 and downsampled with horizStride=25.","parameter":"u_current","parameterNumber":2}, "data":
[rows 36 to 71 of 161, columns 80 to 159 of 180]
0.369,-0.018,0.259,0.011,0.218,0.27,0.323,-0.011,0.078,-0.1,0.043,0.269,0.532,0.241,0.29,0.271,0.034,0.123,0.029,0.085,-0.146,0.052,-0.089,0.163,0.231,0.28,0.205,0.111,0.115,-0.048,0.097,-0.035,-0.096,-0.08,0.021,-0.134,-0.003,-0.223,0,0,0,0,0,0,0,0,0,0,0,0,0,0,0,0,0,0,0,0,0,0,0,0,0,0,0,0,-0.043,0,0.023,0.205,-0.104,-0.031,-0.073,0.217,-0.029,-0.264,0.219,0.563,-0.127,-0.226
-0.03,-0.014,0.138,-0.159,0.464,0.503,0.214,0.03,0.129,-0.119,0.108,0.208,0.388,0.31,0.13,-0.061,-0.098,-0.173,-0.175,-0.01,0.05,-0.218,0.046,0.19,0.141,0.144,0.109,0.162,0.165,0.095,0.159,-0.023,-0.115,0.043,-0.009,-0.117,-0.092,0.038,0,0,0,0,0,0,0,0,0,0,0,0,0,0,0,0,0,0,0,0,0,0,0,0,0,0,0,-0.006,0.072,0.27,0.112,-0.121,-0.3,-0.147,0.068,0.268,0.099,-0.328,0.338,-0.307,-0.412,0.054
-0.155,0.062,-0.091,0.243,0.272,0.45,0.098,-0.152,-0.349,0.018,0.172,0.037,0.24,0.099,0.333,0.092,-0.065,-0.035,0.181,0.06,-0.009,-0.189,-0.22,0.069,0.111,0.201,0.444,0.047,0.082,0.188,0.172,-0.118,-0.059,0.014,0.058,-0.004,-0.184,-0.13,0,0,0,0,0,0,0,0,0,0,0,0,0,0,0,0,0,0,0,0,0,0,0,0,0,0,0,-0.034,0.347,0.057,-0.172,-0.053,0.157,0.311,0.267,0.092,0.254,-0.03,0.439,0.175,0.398,0.363
0.246,0.325,-0.147,0.646,0.028,0.145,-0.091,0.211,-0.342,-0.108,0.364,0.146,0.373,0.226,0.118,-0.061,0.159,0.035,0.227,0.114,-0.165,-0.262,0.134,0.346,0.261,0.4,0.004,0.08,0.129,-0.073,0.026,-0.079,-0.085,-0.098,0.075,-0.009,0.021,-0.175,0,0,0,0,0,0,0,0,0,0,0,0,0,0,0,0,0,0,0,0,0,0,0,0,0,0,0,-1.273,-0.621,1.09,0.918,0.687,0.596,0.237,0.263,-0.001,0.191,0.219,0.457,-0.016,-0.344,0.249
-0.344,-0.109,0.142,-0.259,0.124,0.293,0.065,-0.335,-0.048,0.094,0.149,0.176,0.092,0.458,0.094,0.045,0.038,0.098,0.213,-0.17,-0.167,0.066,0.446,0.062,0.282,-0.045,0.061,0.171,0.002,-0.156,-0.165,-0.242,-0.03,-0.132,-0.098,-0.136,-0.101,0.158,0,0,0,0,0,0,0,0,0,0,0,0,0,0,0,0,0,0,0,0,0,0,0,0,0,0.032,0.17,-0.385,0.455,-0.012,0.114,1.183,0.159,1.049,0.242,1.058,0.104,0.21,-0.093,0.286,0.353,-0.35
0.017,-0.069,0.051,0.043,-0.068,-0.296,0.062,0.034,0.504,0.245,0.14,0.245,0.084,0.189,-0.182,0.111,0.161,0.15,0.084,-0.091,-0.24,-0.097,0.195,0.275,-0.1,0.256,0.26,0.116,0.051,0.016,-0.164,-0.181,-0.097,-0.071,-0.015,0.046,-0.065,-0.331,0.138,0,0,0,0,0,0,0,0,0,0,0,0,0,0,0,0,0,0,0,0,0,0,0,0,0.104,-0.114,0.18,-0.473,-0.473,-0.859,-0.55,0.743,-0.896,0.276,0.307,0.989,0.477,0.473,0.391,0.071,0.148
-0.4,-0.275,0.006,-0.056,0.272,-0.349,0.509,-0.291,-0.291,0.225,0.721,0.534,0.009,0.115,0.101,0.341,0.195,0.473,0.191,-0.337,-0.348,-0.07,0.18,0.156,0.325,0.286,0.098,0.006,-0.153,0.021,-0.118,-0.189,-0.023,0.052,-0.02,0.058,0.019,-0.161,-0.125,0,0,0,0,0,0,0,0,0,0,0,0,0,0,0,0,0,0,0,0,0,0,0,-0.011,0.199,0.471,0.772,0.443,1.572,0.653,0.774,-0.789,0.259,0.407,0.087,0.219,0.314,-0.005,0.112,0.26,-0.415
0.395,0.174,-0.219,0.722,-0.726,0.439,0.026,-0.139,-0.159,-0.002,0.113,-0.018,0.255,0.003,0.043,0.066,-0.028,0.001,-0.184,-0.218,-0.159,0.199,0.109,0.039,-0.006,-0.135,-0.008,-0.101,-0.093,-0.258,-0.006,0.093,-0.172,0.059,-0.098,0.034,-0.049,0.159,-0.016,0,0,0,0,0,0,0,0,0,0,0,0,0,0,0,0,0,0,0,0,0,0,0,0.112,0.119,0.547,0.688,0.82,0.339,1.268,0.527,0.731,0.237,-0.039,0.437,0.252,-0.022,-0.405,-0.004,0.104,-0.203
0.197,-0.081,0.648,-0.156,-0.018,-0.082,-0.078,0.565,0.178,0.075,-0.216,-0.109,-0.231,-0.031,0.399,0.194,0.139,-0.131,0.03,-0.128,0.135,0.094,0.245,0.006,0.426,-0.129,-0.083,-0.093,-0.317,-0.205,-0.053,-0.099,-0.041,-0.053,-0.067,-0.195,-0.099,0.0,-0.385,-0.098,0,0,0,0,0,0,0,0,0,0,0,0,0,0,0,0,0,0,0,0,0,0,0,0.689,0.019,0.032,-0.115,-0.555,-0.337,0.158,0.337,-0.199,-0.215,-0.324,-0.091,-0.192,0.274,0.531,-0.102,0.242
0.016,-0.6,-0.159,-0.299,-0.681,-0.368,0.164,0.491,0.383,0.752,0.346,-0.24,0.146,0.297,0.192,-0.015,-0.002,0.027,0.153,-0.156,0.087,-0.011,0.375,0.092,0.225,-0.08,0.146,0.016,-0.007,0.121,-0.103,-0.041,-0.112,-0.124,-0.05,0.109,0.029,-0.057,0.009,-0.038,0,0,0,0,0,0,0,0,0,0,0,0,0,0,0,0,0,0,0,0,0,0,0.049,-0.006,-0.067,0.153,0.251,-0.426,-0.066,-0.215,-0.001,-0.107,0.152,0.069,-0.027,-0.253,0.285,-0.268,-0.03,0.35
-0.184,-0.147,0.043,-0.675,0.118,-0.12,-0.062,0.238,0.266,0.316,0.097,-0.226,0.1,0.102,-0.021,0.068,0.3,-0.104,-0.045,-0.001,0.071,0.202,0.058,0.006,0.116,-0.117,0.031,0.009,-0.004,-0.173,0.019,-0.251,-0.074,-0.251,0.001,-0.051,-0.045,-0.007,-0.016,0.063,0.242,0,0,0,0,0,0,0,0,0,0,0,0,0,0,0,0,0,0,0,0,0,0.453,0.022,-0.211,-0.201,-0.186,0.199,-0.138,-0.074,-0.126,0.324,-0.018,0.024,0.122,0.072,-0.297,0.148,0.201,0.579
-0.176,0.578,0.29,0.353,0.217,-0.162,0.16,0.14,0.064,-0.28,0.185,0.253,0.139,-0.114,0.129,0.07,-0.037,-0.019,-0.051,-0.008,-0.081,-0.014,-0.015,-0.049,-0.217,0.11,0.19,-0.058,0.055,-0.043,-0.087,-0.055,-0.17,-0.028,-0.079,-0.115,-0.282,-0.04,0.101,-0.093,0.078,-0.062,0,0,0,0,0,0,0,0,0,0,0,0,0,0,0,0,0,0,0,0.37,0.361,0.026,0.014,-0.134,-0.142,-0.154,0.171,-0.138,-0.075,-0.172,-0.148,-0.008,0.255,0.252,0.086,-0.236,-0.159,-0.128
-0.162,-0.131,-0.272,0.019,-0.018,0.502,0.253,0.228,-0.361,-0.175,-0.104,-0.183,-0.025,0.081,0.04,0.07,0.047,-0.035,0.136,-0.123,-0.07,-0.028,-0.148,0.002,0.072,0.049,0.287,0.053,-0.139,0.088,-0.142,-0.125,-0.156,-0.158,-0.057,0.009,0.026,0.092,0.072,0.046,-0.05,-0.105,0,0,0,0,0,0,0,0,0,0,0,0,0,0,0,0,0,0,-0.135,0.29,-0.256,0.145,-0.027,-0.116,-0.233,-0.131,-0.212,0.092,0.055,-0.141,0.29,-0.097,-0.072,0.289,-0.066,0.202,0.208,-0.188
-0.12,-0.139,-0.069,-0.457,-0.128,-0.319,-0.592,0.053,-0.152,0.185,-0.039,-0.089,0.086,0.277,-0.023,-0.111,-0.005,-0.093,0.059,-0.099,-0.175,-0.035,0.075,-0.024,0.128,-0.023,0.042,0.046,0.032,-0.009,-0.071,-0.105,0.003,-0.046,0.052,0.08,-0.025,-0.026,0.029,0.096,-0.144,-0.168,0,0.063,0,0,0,0,0,0,0,0,0,0,0,0,0,0,0,0,-0.05,0.134,-0.247,0.342,-0.308,-0.171,0.319,0.069,-0.335,-0.601,0.092,0.088,-0.354,0.203,0.048,-0.471,-0.071,-0.01,0.081,0.051
0.06,-0.026,-0.531,-0.393,-0.248,-0.042,-0.123,-0.467,-0.285,-0.091,-0.053,-0.236,-0.417,-0.351,0.068,0.11,-0.026,-0.265,-0.21,-0.168,-0.112,0.05,-0.099,0.021,-0.013,0.041,0.02,-0.041,-0.154,-0.189,-0.132,-0.079,-0.185,0.05,-0.062,0.012,-0.061,-0.079,0.0,0.075,0.211,0.06,-0.03,0.165,0,0,0,0,0,0,0,0,0,0,0,0,-0.099,-0.173,-0.083,0,0.282,0.196,0.272,-0.46,0.004,-0.109,-0.174,0.223,0.186,0.07,-0.224,-0.287,0.188,-0.251,-0.204,-0.185,-0.045,0.078,0.056,0.01
-0.024,-0.171,0.187,-0.021,-0.082,0.272,-0.22,0.054,-0.04,-0.299,-0.047,-0.123,0.081,-0.158,-0.037,0.156,0.074,-0.104,-0.082,0.017,0.264,-0.076,-0.235,-0.014,-0.146,-0.03,-0.089,-0.145,-0.051,-0.058,0.011,-0.162,-0.104,-0.256,0.112,-0.098,-0.029,0.008,-0.066,0.046,0.072,0.034,-0.191,0,0,0,0,0,0,0,0,0,0,0.078,0.078,-0.075,0.019,-0.306,-0.068,0,-0.186,0.1,-0.017,0.691,0.312,0.143,0.039,0.159,-0.067,-0.021,-0.22,0.041,-0.324,-0.166,0.219,0.291,0.057,0.136,-0.164,-0.198
-0.491,-0.39,-0.008,0.075,0.13,-0.085,0.138,-0.097,-0.314,0.207,-0.169,0.206,-0.191,0.136,-0.035,-0.238,-0.118,0.161,0.102,0.047,0.074,0.023,0.124,-0.106,0.15,-0.035,0.031,-0.094,-0.302,0.036,-0.239,-0.249,-0.1,0.057,-0.164,-0.084,-0.057,-0.097,-0.062,-0.178,-0.094,0.071,0.257,0,-0.054,0,0,0,0,0,0,0,0.005,-0.168,-0.231,-0.39,-0.34,0.198,-0.101,0,-0.103,-0.227,0.295,-0.198,0.119,0.368,0.114,-0.023,0.216,-0.103,-0.241,0.02,-0.307,-0.179,-0.259,-0.032,-0.018,-0.236,-0.177,-0.115
0.276,0.056,-0.241,0.171,-0.098,-0.007,0.153,-0.3,0.04,0.08,-0.064,-0.286,-0.166,-0.131,0.137,-0.049,0.052,-0.125,-0.128,-0.109,-0.101,0.064,0.076,0.084,-0.185,-0.096,-0.191,-0.019,0.118,-0.15,-0.164,-0.075,-0.183,-0.019,-0.103,-0.098,-0.152,0.11,-0.061,0.131,0.331,0.147,0.121,0,-0.021,-0.006,0,0,0,0,0,0,0.21,-0.302,-0.327,-0.075,0.203,-0.325,-0.244,0,-0.111,-0.091,0.03,0.218,-0.071,-0.534,-0.081,-0.267,-0.441,0.056,0.245,-0.212,-0.168,-0.215,-0.142,-0.166,0.004,-0.046,0.058,0.066
-0.258,0.217,0.085,0.197,0.243,0.115,-0.106,-0.073,0.041,-0.157,-0.054,0.224,-0.142,0.128,0.037,-0.149,-0.018,-0.126,0.116,0.062,0.278,0.063,-0.182,-0.057,-0.107,-0.09,-0.091,-0.238,-0.087,-0.146,-0.12,-0.111,-0.043,-0.193,-0.045,-0.086,-0.08,-0.192,-0.047,-0.041,0.041,0.119,-0.217,0.285,0,-0.083,0,0,0,0,0,0,0.292,0.546,-0.054,-0.258,-0.569,0.25,-0.192,-0.121,0.038,-0.111,-0.144,-0.482,0.305,-0.05,-0.215,-0.258,-0.034,0.166,0.275,-0.153,0.297,0.057,0.013,0.017,-0.11,-0.075,0.143,-0.14
0.064,-0.066,0.111,-0.045,-0.107,0.346,-0.069,-0.106,0.13,-0.007,-0.181,-0.19,0.206,-0.238,0.014,0.164,-0.161,-0.063,0.041,0.169,-0.004,0.002,-0.109,-0.122,-0.042,-0.063,-0.083,-0.087,0.051,0.084,-0.25,-0.15,-0.147,0.011,-0.168,-0.048,0.001,0.133,-0.083,-0.11,0.052,-0.024,0.172,0.074,0,-0.07,0,0,0,0,0,0,0.46,-0.228,0.023,-0.11,0.16,0.337,-0.186,-0.189,0.424,0,-0.096,0.047,0.459,0.014,-0.302,0.227,0.387,0.225,-0.142,-0.225,-0.089,0.113,0.014,-0.033,-0.094,0.023,-0.182,0.256
-0.06,-0.034,-0.018,-0.332,-0.115,-0.134,-0.15,0.058,-0.113,0.041,0.07,-0.114,-0.172,-0.093,-0.124,-0.121,0.061,0.23,-0.052,0.182,-0.177,-0.031,-0.164,0.202,-0.016,-0.126,-0.17,0.028,-0.109,-0.333,-0.026,0.005,-0.043,-0.147,-0.13,-0.054,-0.139,0.244,-0.146,0.154,-0.035,0.03,0.069,0.14,0.089,0,-0.234,0,0,0,0,0,0.001,-0.665,-0.071,0.116,0.098,-0.33,0.417,0.692,-0.164,-0.02,0.067,0.096,-0.134,0.269,-0.001,0.119,-0.157,-0.171,-0.325,-0.064,-0.141,-0.016,-0.056,-0.21,-0.01,-0.101,0.082,-0.002
-0.326,-0.203,-0.027,-0.101,-0.077,-0.327,0.303,-0.075,-0.22,-0.053,-0.102,-0.187,0.42,-0.007,-0.687,-0.017,0.098,-0.095,0.001,-0.035,-0.269,-0.012,-0.03,-0.07,-0.091,0.092,-0.2,-0.204,-0.06,-0.086,-0.023,-0.06,-0.189,0.135,-0.074,-0.021,0.156,-0.065,-0.116,0.07,0.21,0.067,0.082,0.073,0.086,0,0.088,0,0,0,0,0,-0.334,0.135,-0.395,-0.075,-0.12,-0.07,0.306,0,0,-0.123,-0.237,-0.127,-0.425,-0.305,-0.186,-0.125,-0.481,0.097,0.026,0.027,-0.094,-0.26,-0.143,0.037,-0.032,0.037,-0.035,-0.18
-0.219,-0.444,-0.584,-0.103,-0.217,-0.18,-0.217,-0.152,-0.023,-0.18,-0.023,-0.195,-0.194,0.076,0.409,0.173,-0.394,-0.166,-0.048,-0.205,0.013,-0.294,-0.357,-0.182,-0.109,-0.117,-0.051,-0.057,0.002,-0.095,-0.148,-0.068,0.003,-0.183,0.065,0.143,-0.071,-0.047,0.043,0.103,-0.097,-0.119,0.01,0.084,0.175,-0.205,0.12,-0.124,0,0,0,0,0.0,-0.121,0.016,-0.276,-0.264,-0.108,0,-0.085,0,0,-0.113,-0.177,-0.078,-0.071,0.086,0.07,-0.025,-0.049,0.099,0.288,-0.04,-0.011,-0.002,0.07,0.098,-0.211,0.106,-0.082
-0.046,0.365,-0.001,0.085,-0.211,-0.189,-0.413,0.021,-0.234,-0.722,0.181,0.128,-0.286,-0.018,-0.337,-0.483,-0.266,0.024,-0.137,-0.173,-0.14,-0.019,-0.094,-0.339,-0.342,-0.062,-0.13,-0.147,-0.406,-0.194,-0.258,-0.292,0.043,-0.499,-0.3,-0.222,0.025,-0.063,0.132,0.088,0.013,-0.098,-0.104,0.028,-0.02,0.164,0.101,0.095,0,0,0,0,0.144,0.052,0.021,0,0,0.469,0.762,-0.097,-0.115,0,0,-0.122,-0.465,-0.045,-0.222,-0.167,-0.087,-0.183,-0.294,-0.298,-0.136,-0.234,-0.127,-0.017,-0.173,-0.064,-0.052,0.058
0.016,-0.103,0.099,-0.229,-0.148,-0.107,0.062,-0.036,0.153,0.011,0.279,0.016,-0.325,-0.114,0.126,0.092,0.461,-0.343,-0.002,-0.13,-0.109,0.143,-0.133,-0.154,0.119,0.097,-0.165,-0.176,-0.148,-0.193,-0.242,-0.2,-0.178,-0.126,-0.325,-0.062,-0.128,-0.129,-0.008,-0.011,0.026,-0.005,0.019,0.119,-0.039,0.427,0.002,-0.08,0,0,0,0,0.093,-0.194,0.001,0,0,-0.132,-0.337,0.132,0.307,0.037,0,-0.165,0.032,-0.121,-0.046,-0.227,-0.004,-0.093,-0.162,0.043,-0.254,-0.129,-0.033,-0.123,-0.137,-0.11,-0.219,0.056
0.118,-0.176,-0.122,-0.135,-0.096,-0.086,0.118,-0.261,0.099,0.18,-0.313,-0.038,0.143,0.001,0.105,0.106,-0.106,0.474,-0.085,-0.281,-0.198,-0.268,-0.1,0.066,-0.011,-0.115,-0.06,0.029,-0.101,-0.056,-0.132,-0.227,-0.197,-0.264,-0.126,-0.253,-0.107,-0.018,-0.129,0.031,-0.046,-0.121,0.041,-0.194,0.031,-0.442,-0.135,-0.044,0,0,0,0,0,-0.065,-0.171,0,0,-0.23,-0.306,0.118,-0.068,0.273,0.093,0.014,0,0,-0.126,-0.175,-0.181,-0.132,0.018,-0.044,-0.289,-0.296,-0.174,-0.299,0.028,-0.13,-0.169,-0.155
-0.158,-0.184,-0.125,0.024,0.277,-0.025,-0.182,-0.037,-0.449,-0.203,-0.572,0.243,-0.066,-0.006,-0.105,-0.218,-0.261,-0.024,-0.037,-0.219,-0.063,-0.611,-0.244,-0.236,-0.043,-0.281,-0.198,0.11,-0.045,-0.201,0.027,-0.192,-0.141,-0.162,-0.003,-0.34,-0.359,-0.282,-0.138,-0.101,-0.009,0.007,-0.145,0.216,0.067,0.016,-0.063,-0.099,0.006,0,0,0,0,0,0,0,-0.029,-0.451,-0.537,-0.636,-0.305,-0.116,0.009,-0.14,0.255,0.01,-0.129,0,-0.077,-0.22,0.06,-0.352,0.157,-0.236,-0.136,0.189,0.009,-0.033,-0.042,-0.184
-0.324,-0.403,-0.517,-0.35,-0.019,-0.095,-0.144,-0.061,-0.288,-0.348,-0.444,-0.231,-0.322,-0.063,-0.243,-0.359,-0.073,-0.186,-0.327,-0.155,-0.048,-0.196,-0.232,-0.255,-0.078,-0.13,0.217,-0.019,-0.103,-0.218,-0.134,-0.051,-0.319,-0.148,-0.069,-0.153,-0.119,-0.177,-0.073,-0.31,-0.056,0.069,0.025,-0.115,-0.081,0.263,0.085,0.135,-0.306,-0.278,0,0,0,0,0,0,-0.114,0.047,-0.269,-0.578,-0.457,-0.18,-0.328,-0.262,-0.182,-0.309,0.049,-0.248,-0.167,0.037,-0.156,-0.066,-0.005,-0.28,-0.002,-0.133,-0.094,0.019,-0.259,-0.167
-0.119,-0.477,-0.295,-0.083,-0.36,-0.207,-0.462,-0.101,0.148,-0.341,0.27,-0.272,-0.402,-0.174,-0.446,-0.276,-0.218,-0.377,0.036,-0.115,-0.217,-0.183,-0.101,-0.131,-0.252,-0.075,-0.183,0.019,-0.196,-0.215,-0.44,-0.204,-0.16,-0.268,-0.187,-0.141,0.075,-0.165,-0.182,-0.047,-0.106,-0.055,0.108,0.24,0.14,0.236,0.134,0.131,-0.179,0.181,-0.123,0.206,0,-0.077,0,0,-0.121,-0.011,-0.094,-0.119,-0.11,0.195,-0.232,-0.152,0.03,-0.292,-0.583,-0.168,-0.155,0.016,-0.331,-0.051,-0.193,-0.061,-0.211,-0.142,-0.017,-0.209,-0.162,-0.054
-0.361,-0.181,0.106,-0.244,-0.38,-0.42,-0.082,-0.179,-0.367,-0.215,-0.295,-0.069,0.042,-0.328,-0.415,-0.402,-0.285,-0.309,-0.335,-0.22,-0.336,-0.148,-0.356,-0.386,-0.098,0.021,-0.221,-0.189,-0.271,-0.404,-0.053,-0.179,0.028,-0.088,-0.033,-0.1,-0.036,-0.105,-0.252,0.097,-0.073,0.014,-0.018,0.205,-0.17,-0.08,0.202,-0.069,0.137,0.195,0.125,-0.12,-0.433,0.152,0,0,0,0,0,-0.189,-0.11,-0.077,-0.226,-0.127,-0.224,-0.192,-0.226,0.27,-0.101,-0.394,-0.066,0.017,0.137,-0.151,-0.151,-0.259,-0.139,-0.051,-0.055,-0.302
-0.31,-0.169,-0.112,-0.066,-0.091,-0.269,-0.195,-0.236,-0.488,-0.141,-0.036,0.048,-0.035,-0.353,-0.212,0.086,-0.194,-0.183,-0.324,-0.241,-0.142,-0.253,-0.179,-0.049,0.018,-0.048,0.006,-0.012,-0.287,-0.096,-0.322,-0.084,-0.044,-0.282,-0.051,-0.099,-0.273,-0.203,-0.175,-0.204,-0.105,-0.256,-0.037,-0.204,-0.091,0.301,0.518,0.146,-0.181,0.115,0.18,0.063,0.139,-0.103,-0.073,0,0,0,0,-0.095,-0.164,-0.623,-0.23,-0.288,-0.623,-0.312,-0.074,-0.418,-0.549,-0.487,0.074,-0.235,-0.35,-0.233,-0.226,-0.258,-0.232,-0.097,0.022,-0.064
0.054,-0.287,-0.302,-0.186,0.032,-0.144,-0.258,-0.395,-0.141,-0.233,-0.159,-0.014,-0.251,-0.203,-0.13,-0.182,-0.164,-0.064,-0.141,-0.309,-0.372,-0.417,-0.177,0.01,-0.343,-0.341,-0.105,-0.281,-0.366,-0.316,-0.224,-0.47,-0.415,-0.15,-0.274,-0.261,-0.093,-0.155,-0.052,0.019,-0.054,-0.161,-0.139,-0.189,0.196,0.16,0.573,0.066,0.069,0.008,0.002,0.04,-0.162,0.147,0.282,-0.302,-0.067,0,0,-0.288,-0.391,-0.796,-0.403,-0.387,-1.1,-0.376,-0.048,-0.818,-0.346,-0.001,-0.37,-0.177,-0.391,-0.085,-0.135,-0.228,0.034,-0.173,-0.158,-0.151
-0.085,-0.242,-0.204,-0.106,-0.182,-0.1,-0.066,-0.425,-0.38,-0.263,-0.382,-0.273,-0.306,-0.402,-0.285,-0.447,-0.363,-0.273,-0.245,-0.175,-0.434,-0.301,-0.26,-0.204,-0.364,-0.425,-0.476,-0.42,-0.477,-0.137,-0.234,-0.279,-0.377,-0.288,-0.327,-0.203,-0.21,-0.241,-0.234,-0.294,0.135,0.314,-0.078,0.196,0.03,-0.046,-0.545,-0.03,0.074,0.032,0.254,0.009,-0.081,0.034,-0.471,-0.507,-0.39,0,0,-0.272,-0.371,-0.65,-0.424,-0.214,0,0,-0.166,-0.369,-0.235,-0.103,-0.306,-0.108,-0.405,-0.127,-0.056,-0.043,-0.331,-0.363,-0.249,-0.254
-0.259,-0.317,-0.116,-0.356,-0.428,-0.295,-0.307,-0.311,-0.516,-0.346,-0.385,-0.363,-0.24,-0.212,-0.416,-0.326,-0.166,-0.327,-0.338,-0.289,-0.367,-0.199,-0.208,-0.377,-0.451,-0.475,-0.276,-0.319,-0.11,-0.25,-0.392,-0.271,-0.147,-0.19,-0.169,-0.18,-0.147,-0.092,-0.053,-0.011,-0.197,-0.083,-0.16,-0.131,-0.195,-0.058,-0.584,-0.101,-0.243,-0.137,0.156,0.057,0.087,-0.079,-0.494,-0.385,-0.63,-0.209,0,-0.272,-0.224,-0.319,-0.161,0,0,0,-0.112,0.173,0,-0.703,-0.335,0.043,-0.473,-0.299,-0.267,-0.167,-0.329,-0.208,-0.295,-0.293
-0.225,-0.334,-0.364,-0.319,-0.356,-0.543,-0.568,-0.355,-0.405,-0.332,-0.068,-0.445,-0.44,-0.254,-0.41,-0.148,-0.263,-0.37,-0.15,-0.399,-0.31,-0.314,-0.246,-0.4,-0.415,-0.326,-0.207,-0.144,-0.232,-0.213,-0.378,-0.036,-0.211,-0.205,-0.239,-0.462,-0.356,-0.111,-0.067,-0.109,-0.366,-0.575,-0.152,-0.249,-0.198,-0.269,-0.536,-0.454,-0.459,-0.325,-0.174,-0.054,0.07,-0.125,-0.18,-0.121,-0.279,-0.17,0,0.068,-0.159,-0.185,-0.066,0,0,0,0,0,0,-0.444,-0.652,-0.456,-0.276,-0.381,-0.436,-0.111,-0.209,0.007,0.148,-0.075
-0.388,-0.287,-0.323,-0.241,-0.458,-0.561,-0.423,-0.292,-0.175,-0.214,-0.066,-0.272,-0.307,-0.263,-0.36,-0.228,-0.285,-0.225,-0.127,-0.151,-0.252,-0.32,-0.074,-0.267,-0.35,-0.088,-0.202,-0.399,-0.244,-0.43,-0.161,-0.154,-0.15,-0.169,-0.326,-0.38,-0.395,-0.093,-0.173,-0.173,-0.199,0.201,-0.059,-0.229,-0.295,-0.281,-0.226,-0.131,-0.044,-0.282,-0.152,0.017,0.346,0.314,0.035,0.26,0.308,0.513,0.074,-0.033,0,0,0,0,0,0,0,0,0,0,-0.597,-0.604,-0.019,0.06,-0.059,0.056,-0.096,0.281,0.139,-0.088
