assets/ocean-current-surface-hycom.json
{"header": {"source":"HYCOM GLBy0.08 latest via THREDDS/NCSS","sourceUrl":"https://ncss.hycom.org/thredds/ncss/grid/GLBy0.08/latest","parameterCategory":"ocean_current","nx":180,"ny":161,"lo1":0.0,"la1":80.0,"dx":2.0,"dy":-1.0,"refTime":"2026-05-20T12:00:00Z","units":"m/s","notes":"Surface eastward/northward velocity, downloaded 2026-05-20 and downsampled with horizStride=25.","parameter":"v_current","parameterNumber":3}, "data":
[rows 72 to 107 of 161, columns 81 to 161 of 180]
0.289,0.177,-0.019,0.013,0.097,-0.069,0.05,0.121,0.051,0.264,-0.006,0.016,-0.088,-0.092,0.175,-0.007,0.007,0.281,0.125,-0.087,0.127,-0.178,-0.18,0.202,0.01,-0.038,-0.18,0.007,0.177,0.356,0.073,-0.031,-0.102,0.0,0.185,0.235,0.183,-0.033,0.119,0.096,0.066,-0.13,0.087,0.1,-0.14,0.003,0.145,-0.121,0.074,0.119,-0.119,0.326,0.216,-0.028,0.456,0.611,0.244,0.112,-0.231,-0.179,0,0,0,0,0,0,0,0,0,0,0.527,0.045,0.222,0.214,-0.213,0.161,0.014,-0.361,0.107,0.016,0.129
-0.005,0.132,0.329,0.029,-0.012,-0.013,-0.005,0.173,-0.019,0.309,0.001,-0.07,-0.026,-0.119,0.236,0.128,0.046,0.295,0.057,-0.034,0.084,0.053,0.039,0.185,0.144,0.16,-0.045,-0.149,-0.017,0.294,-0.015,-0.159,-0.228,-0.066,-0.13,0.149,0.071,-0.171,-0.055,0.235,-0.088,-0.163,0.185,0.026,-0.179,-0.046,0.151,-0.078,0.131,0.24,0.058,0.165,0.018,0.218,0.472,0.537,-0.372,0.144,0.188,-0.522,0.001,0,0,0,0,0,0,0,0,0,0.272,0.31,0.154,0.293,0.032,0.035,-0.068,-0.331,-0.099,0.008,0.081
0.2,-0.501,0.349,0.068,-0.219,0.036,-0.033,0.033,0.001,0.262,0.082,-0.042,-0.022,-0.058,0.181,0.073,0.22,0.285,0.016,-0.01,0.3,0.247,-0.004,0.095,0.284,0.275,-0.079,-0.214,-0.062,0.197,0.077,-0.374,-0.329,-0.239,-0.036,-0.118,0.091,-0.154,-0.327,0.067,0.019,0.012,-0.095,0.284,-0.324,0.038,0.061,0.103,0.141,0.258,0.275,0.313,-0.356,0.165,0.419,0.295,-0.107,0.518,0.192,-0.191,0.075,0,0,0,0,0,0,0,0,0,0,0.216,0.282,0.324,0.054,0.044,-0.246,-0.078,0.065,-0.139,-0.014
0.046,-0.138,0.211,0.195,-0.019,0.173,0.092,0.062,0.066,0.388,0.099,0.079,0.126,0.099,-0.001,0.063,0.097,0.137,0.14,0.051,0.171,0.206,0.223,0.154,0.066,0.291,0.065,0.03,0.004,0.198,-0.152,-0.405,-0.092,-0.022,0.18,-0.005,0.216,-0.29,-0.068,-0.13,0.056,-0.013,0.102,0.291,-0.161,-0.115,0.027,0.361,0.271,0.229,0.428,0.279,-0.463,-0.251,0.219,0.095,-0.201,0.652,0.469,-0.453,-0.176,0,0,0,0,0,0,0,0,0,0,0,0,0.2,0.406,0.045,0.151,-0.015,0.128,0.141,0.248
0.328,-0.082,0.249,0.227,0.007,0.215,-0.064,0.034,-0.024,0.215,0.23,-0.03,0.12,0.337,0.191,-0.001,0.107,0.133,0.208,0.15,0.065,0.235,0.055,0.195,-0.124,0.049,-0.024,-0.09,0.086,-0.024,0.052,-0.384,0.213,0.089,0.096,-0.077,0.149,-0.331,-0.289,-0.298,-0.094,0.132,0.217,0.2,-0.105,-0.098,0.073,0.315,0.109,0.246,0.555,0.274,-0.542,-0.368,-0.029,0.193,-0.233,0.334,0.385,-0.493,-0.199,0,0,0,0,0,0,0,0,0,0,0,0,0,0.699,-0.067,0.207,0.333,0.044,-0.063,0.257
0.307,0.028,0.062,0.15,0.116,0.217,0.284,0.228,-0.091,0.189,0.16,0.111,0.116,0.172,0.299,0.01,-0.03,0.155,0.022,0.068,0.15,0.163,0.122,0.141,0.226,0.151,0.023,-0.22,0.112,-0.042,-0.025,-0.313,0.203,0.096,-0.011,-0.014,0.218,-0.024,-0.251,-0.252,-0.097,0.079,0.142,0.32,0.015,-0.122,0.145,0.029,0.249,-0.049,0.523,0.354,-0.371,0.097,-0.09,-0.356,-0.247,0.312,0.229,-0.509,-0.029,0,0,0,0,0,0,0,0,0,0,0,0,0,-0.174,0.189,0.313,0.169,-0.046,-0.051,0.265
0.301,0.054,0.102,0.224,-0.016,0.169,0.274,0.11,-0.146,0.013,-0.132,0.15,0.289,0.235,0.283,0.036,-0.212,0.254,-0.103,-0.106,0.043,0.422,0.102,0.053,-0.013,0.07,0.0,0.1,0.056,0.054,-0.042,-0.066,0.165,0.112,0.172,0.181,0.27,0.053,-0.115,-0.089,-0.165,0.082,0.196,0.21,0.478,0.092,0.128,0.103,-0.035,-0.063,0.328,0.438,-0.059,0.403,0.147,-0.277,-0.243,0.213,0.142,-0.407,0,0,0,0,0,0,0,0,0,0,0,0,0,0,-0.162,-0.107,0.232,-0.015,-0.299,0.249,0.378
0.214,0.083,-0.151,0.176,0.184,0.071,0.249,0.044,-0.344,-0.005,0.176,0.199,0.268,0.136,0.135,-0.071,0.268,0.296,-0.141,-0.278,-0.078,0.171,-0.052,-0.128,0.167,-0.015,0.101,0.14,0.004,0.064,-0.105,-0.048,0.079,0.154,0.158,0.218,0.239,0.184,0.049,0.146,0.1,0.022,0.005,0.28,0.55,0.271,0.146,0.268,0.088,-0.128,0.292,0.427,0.336,0.883,-0.152,-0.44,-0.361,0.07,0.042,-0.003,0,0,0,0,0,0,0,0,0,0,0,0,0,0,0,-0.443,0.053,0.052,-0.28,0.391,0.27
0.018,0.154,-0.024,0.158,0.215,0.04,0.112,0.14,-0.301,-0.254,0.117,0.182,0.082,0.059,-0.074,-0.104,0.261,0.17,-0.216,-0.131,-0.209,-0.045,0.081,-0.078,0.026,-0.155,0.046,0.202,0.03,-0.153,-0.028,0.029,-0.034,-0.034,0.019,0.259,0.226,0.039,-0.034,0.01,0.373,-0.042,-0.397,0.268,0.429,0.166,0.191,0.062,-0.077,-0.305,-0.16,0.21,0.382,0.623,0.202,-0.15,-0.436,-0.187,0.025,0,0,0,0,0,0,0,0,0,0,0,0,0,0,0,0,-0.836,-0.217,0.621,-0.206,0.472,0.497
0.111,0.336,0.348,0.255,0.179,-0.107,-0.109,0.128,-0.118,-0.362,-0.143,0.111,0.095,0.066,-0.146,-0.214,0.199,0.129,-0.088,-0.101,-0.249,-0.068,0.04,0.007,0.04,-0.142,0.007,-0.008,0.023,-0.295,-0.14,0.065,0.043,-0.002,0.013,0.086,0.123,-0.027,0.096,0.054,0.218,-0.122,-0.532,0.116,-0.072,0.018,0.007,-0.191,-0.121,-0.12,-0.197,-0.182,0.281,0.126,-0.005,0.04,-0.088,-0.287,-0.319,0,0,0,0,0,0,0,0,0,0,0,0,0,0,0,0,0,-0.004,0.461,0.11,0.554,0.358
-0.011,0.102,0.257,-0.046,0.141,-0.269,-0.456,0.117,0.088,-0.644,-0.09,-0.103,-0.062,0.039,-0.193,-0.436,0.238,-0.045,-0.002,-0.093,-0.021,-0.052,0.022,-0.025,0.018,-0.164,-0.066,-0.132,-0.181,-0.277,-0.237,0.094,0.063,-0.037,-0.065,0.11,0.064,-0.197,-0.038,0.165,0.092,-0.059,-0.373,-0.26,-0.322,-0.124,-0.133,-0.292,-0.125,-0.06,-0.254,-0.5,-0.015,0.091,-0.143,0.111,0.012,-0.235,-0.151,0,0,0,0,0,0,0,0,0,0,0,0,0,0,0,0,0,0,-0.205,0.031,0.715,0.47
-0.144,0.171,0.058,-0.179,0.25,-0.058,-0.546,0.06,-0.06,-0.405,-0.095,-0.134,-0.041,0.002,-0.138,-0.389,0.138,-0.155,0.029,0.057,-0.127,-0.078,-0.087,-0.124,0.018,-0.074,-0.075,-0.068,-0.365,-0.177,-0.058,0.151,0.173,-0.106,-0.086,-0.012,-0.078,-0.18,-0.021,0.12,0.134,-0.107,-0.432,-0.498,-0.199,0.015,-0.043,-0.352,-0.27,-0.091,-0.467,-0.448,0.017,0.116,0.1,-0.133,0.004,-0.238,-0.096,0.567,0,0,0,0,0,0,0,0,0,0,0,0,0,0,0,0,0,0,0,0,0.554
-0.034,0.201,-0.343,-0.05,0.403,-0.104,-0.521,0.023,-0.169,-0.266,-0.054,0.054,-0.024,-0.01,0.259,-0.42,-0.083,-0.14,0.028,-0.08,-0.096,-0.144,-0.141,-0.18,-0.044,-0.268,-0.01,0.0,-0.209,0.009,0.085,0.032,0.227,-0.179,-0.129,-0.042,0.014,-0.046,0.087,-0.003,0.121,-0.074,-0.314,-0.492,-0.112,-0.089,-0.238,-0.218,-0.363,-0.256,-0.428,-0.481,0.077,-0.257,-0.139,-0.042,-0.13,0.156,-0.097,0,0,0,0,0,0,0,0,0,0,0,0,0,0,0,0,0,0,0,0,0,0.319
-0.18,0.444,-0.517,-0.146,0.293,-0.187,-0.213,0.105,-0.038,-0.279,-0.05,0.121,-0.069,-0.139,0.545,-0.359,-0.251,-0.197,-0.113,-0.146,-0.048,-0.008,-0.195,-0.125,-0.02,-0.224,0.024,0.167,-0.048,-0.031,0.012,0.119,0.114,0.002,-0.107,-0.085,-0.035,-0.054,-0.127,0.002,0.095,-0.167,-0.344,-0.155,0.072,-0.098,-0.375,-0.381,-0.462,-0.248,-0.391,-0.164,-0.165,-0.258,-0.034,-0.143,-0.437,0.155,-0.098,0,0,0,0,0,0,0,0,0,0,0,0,0,0,0,0,0,0,0,0,0,0
0.01,0.226,-0.181,-0.226,0.221,0.15,-0.193,-0.007,-0.13,-0.213,-0.06,0.136,-0.028,-0.165,0.204,-0.248,-0.297,-0.004,-0.022,-0.1,-0.019,-0.101,-0.252,0.099,-0.074,-0.084,0.025,0.044,-0.105,0.015,0.082,-0.057,-0.02,-0.135,-0.085,-0.134,-0.096,-0.115,-0.025,0.012,0.047,-0.052,-0.124,-0.249,0.212,-0.025,-0.141,-0.104,-0.218,-0.298,-0.251,-0.218,-0.251,-0.09,-0.095,-0.077,-0.257,0.077,0.125,0,0,0,0,0,0,0,0,0,0,0,0,0,0,0,0,0,0,0,0,0,0
0.058,-0.035,-0.143,-0.146,-0.066,0.21,-0.016,-0.137,0.106,-0.053,-0.254,0.147,-0.04,0.075,0.003,-0.05,-0.112,-0.123,-0.081,-0.279,-0.076,-0.151,-0.169,0.017,-0.089,-0.098,-0.045,-0.06,-0.017,-0.005,0.173,-0.081,0.097,-0.057,-0.163,-0.074,-0.003,-0.176,-0.024,0.078,0.053,0.038,-0.138,-0.147,-0.022,-0.034,-0.015,-0.05,-0.061,-0.292,-0.106,-0.08,-0.016,-0.212,-0.148,-0.297,-0.329,-0.248,-0.016,0.129,0,0,0,0,0,0,0,0,0,0,0,0,0,0,0,0,0,0,0,0,0
-0.042,-0.204,-0.299,-0.068,0.018,0.144,0.033,0.085,0.155,0.24,-0.414,0.143,-0.369,0.204,-0.078,0.113,-0.161,-0.035,-0.112,-0.267,-0.205,-0.083,-0.198,-0.036,-0.02,-0.079,-0.062,-0.13,0.07,-0.01,0.043,-0.077,-0.02,-0.078,-0.089,-0.078,0.03,-0.01,-0.017,0.038,-0.062,0.154,0.042,-0.01,0.036,0.089,0.128,-0.251,-0.021,-0.05,-0.15,-0.066,0.045,-0.291,-0.078,-0.325,-0.362,-0.141,-0.277,-0.24,0,0,0,0,0,0,0,0,0,0,0,0,0,0,0,0,0,0,0,0,0
-0.205,-0.017,-0.089,-0.165,-0.125,0.02,0.122,0.084,0.158,0.184,-0.141,0.111,-0.134,0.114,-0.218,-0.038,-0.124,0.042,-0.103,-0.173,-0.126,0.04,-0.04,0.125,-0.009,-0.086,0.032,-0.095,0.01,-0.015,-0.031,-0.024,0.045,0.035,-0.098,0.017,-0.06,-0.031,-0.036,0.035,-0.061,0.144,-0.026,0.103,0.013,0.089,0.028,-0.133,-0.114,0.065,-0.036,-0.244,-0.107,-0.311,-0.038,-0.303,-0.368,-0.039,-0.342,0.196,0,0,0,0,0,0,0,0,0,0,0,0,0,0,0,0,0,0,0,0,0
-0.101,-0.119,-0.066,-0.355,-0.079,-0.134,0.232,-0.212,-0.105,-0.05,0.065,-0.064,-0.139,0.059,-0.011,-0.021,-0.155,-0.073,0.039,-0.138,-0.177,0.007,-0.007,-0.011,-0.059,-0.041,-0.043,0.047,0.094,0.117,-0.098,-0.033,-0.061,0.126,-0.097,0.083,-0.162,-0.134,-0.08,0.007,0.094,0.166,0.037,0.132,0.03,0.271,-0.193,-0.086,-0.059,-0.053,-0.158,-0.192,-0.109,-0.023,-0.099,-0.259,-0.127,-0.07,-0.274,-0.053,0,0,0,0,0,0,0,0,0,0,0,0,0,0,0,0,0,0,0,0,0
-0.005,0.063,-0.055,-0.236,0.06,-0.144,0.109,-0.184,-0.111,0.015,-0.189,-0.137,-0.162,0.007,-0.046,0.039,0.032,-0.09,-0.024,-0.034,-0.13,-0.056,-0.079,-0.153,-0.185,-0.067,-0.041,-0.1,0.082,0.042,-0.082,0.097,-0.141,-0.067,-0.047,0.102,-0.058,0.003,0.068,-0.083,0.116,-0.028,-0.03,0.082,-0.034,0.028,-0.068,-0.016,0.029,-0.031,-0.111,0.043,-0.019,-0.183,-0.099,-0.233,-0.005,-0.242,-0.161,-0.211,0.394,0,0,0,0,0,0,0,0,0,0,0,0,0,0,0,0,0,0,0,0
0.16,-0.306,-0.16,-0.132,-0.012,-0.031,0.02,-0.099,-0.199,0.093,-0.288,-0.175,-0.062,-0.07,-0.119,0.005,-0.16,-0.03,-0.189,-0.094,-0.052,-0.229,0.014,-0.165,-0.036,-0.009,-0.02,-0.161,0.029,0.065,-0.05,-0.006,-0.074,-0.044,0.087,-0.037,-0.004,0.114,0.0,0.01,-0.015,0.028,0.043,0.05,-0.099,-0.014,0.056,0.077,-0.018,-0.114,0.035,-0.068,0.06,0.033,0.004,-0.147,0.001,-0.179,-0.209,-0.006,-0.251,0,0,0,0,0,0,0,0,0,0,0,0,0,0,0,0,0,0,0,0
0.056,-0.022,-0.309,-0.029,-0.043,0.023,-0.046,0.046,-0.126,0.117,-0.11,-0.109,-0.175,0.009,-0.037,0.107,0.08,-0.016,-0.051,0.023,-0.048,-0.161,-0.027,-0.202,-0.118,-0.216,0.001,-0.139,0.042,-0.108,-0.089,-0.128,0.031,-0.118,0.02,-0.052,-0.056,-0.023,-0.1,0.011,-0.156,-0.005,0.048,-0.018,-0.084,0.044,-0.072,0.044,0.023,-0.052,0.048,0.024,0.11,0.07,-0.11,0.005,-0.108,-0.192,-0.164,-0.026,-0.483,0,0,0,0,0,0,0,0,0,0,0,0,0,0,0,0,0,0,0,0.346
-0.091,0.086,-0.161,0.346,-0.162,-0.033,-0.02,0.056,0.27,0.016,0.099,-0.186,0.285,0.027,-0.304,-0.138,0.011,0.152,-0.111,0.117,0.193,0.054,-0.111,0.1,-0.015,-0.029,-0.165,-0.162,-0.033,-0.105,0.046,-0.119,0.131,-0.131,0.069,-0.049,0.026,0.002,-0.178,0.048,0.018,-0.04,0.18,-0.109,-0.168,0.007,-0.005,-0.007,-0.085,-0.088,-0.022,-0.121,-0.117,0.091,-0.084,-0.151,-0.001,-0.21,-0.166,0.054,-0.221,0,0,0,0,0,0,0,0,0,0,0,0,0,0,0,0,0,0,0,0.185
-0.114,0.0,-0.131,-0.054,-0.195,0.154,0.15,-0.025,0.213,-0.065,0.004,-0.237,0.168,0.351,-0.1,-0.259,0.186,0.083,-0.013,-0.014,0.147,0.072,-0.027,0.013,-0.008,0.012,-0.097,-0.011,-0.037,-0.219,-0.014,-0.08,-0.08,-0.12,0.016,0.064,-0.007,0.007,-0.002,0.017,-0.071,-0.044,0.018,-0.029,0.031,-0.076,-0.062,0.159,-0.065,-0.055,-0.196,-0.106,-0.127,0.069,-0.12,-0.129,-0.079,-0.239,-0.199,-0.097,-0.022,0.138,0,0,0,0,0,0,0,0,0,0,0,0,0,0,0,0,0,0,0.062
-0.047,-0.215,-0.2,0.047,-0.308,-0.138,-0.126,-0.028,0.102,0.053,0.268,0.043,0.015,0.02,-0.3,-0.168,0.054,0.182,0.167,0.069,0.1,0.013,-0.087,-0.031,-0.052,-0.173,-0.03,-0.132,-0.104,-0.152,-0.151,0.068,-0.064,-0.047,-0.031,-0.044,0.012,-0.053,0.127,0.05,-0.175,-0.013,-0.045,-0.088,0.066,-0.075,-0.001,-0.051,-0.115,0.037,-0.058,-0.138,-0.02,0.054,0.006,-0.095,-0.046,-0.208,-0.062,0.027,0.166,-0.341,0,0,0,0,0,0,0,0,0,0,0,0,0,0,0,0,0,0,-0.187
-0.172,-0.172,0.0,0.0,-0.089,-0.175,-0.224,-0.118,-0.008,0.122,0.386,0.057,0.143,-0.014,-0.142,-0.199,-0.254,-0.118,0.063,0.106,0.065,0.015,0.093,-0.212,-0.177,-0.196,-0.206,0.074,-0.044,0.034,-0.12,-0.028,0.016,0.004,0.094,-0.013,0.06,-0.025,0.086,-0.011,-0.097,0.103,-0.055,0.004,-0.017,-0.108,0.049,-0.038,-0.063,0.059,-0.034,0.102,0.136,-0.023,0.042,-0.089,0.105,-0.195,-0.14,0.077,0.066,0.066,0.075,0,0,0,0,0,0,0,0,0,0,0,0,0,0,0,0,0,-0.023
-0.095,0.052,0.068,-0.152,0.073,-0.046,-0.152,-0.018,0,-0.054,0.244,0.111,0.074,-0.017,0.167,-0.068,0.094,-0.405,-0.036,0.178,0.013,0.099,0.035,-0.164,-0.12,-0.254,-0.122,0.003,-0.085,0.032,0.122,-0.1,0.017,0.051,-0.033,-0.088,0.09,0.065,0.047,-0.025,-0.036,-0.078,-0.076,-0.054,-0.043,-0.096,0.012,-0.165,0.084,0.078,-0.118,0.158,0.088,0.016,0.04,0.024,0.133,-0.22,0.042,0.2,-0.084,0.042,0.267,-0.233,0,0,0,0,0,0,0,0,0,0,0,0,0,0,0,0,-0.069
-0.362,-0.154,0.322,0.069,0.007,0.149,-0.469,0.032,0.009,-0.027,-0.032,0.124,-0.006,0.162,-0.081,0.195,-0.022,0.054,-0.153,0.033,-0.088,0.055,-0.158,0.058,-0.238,-0.296,-0.122,0.055,-0.083,-0.027,-0.083,-0.04,0.087,0.002,0.058,-0.012,0.086,0.121,0.074,-0.002,-0.045,0.047,0.007,-0.095,0.056,-0.162,0.062,0.101,0.034,0.031,0.029,0.072,-0.118,0.086,0.028,0.084,0.102,-0.055,0.04,0.212,0.073,0.09,0.023,0.163,0,0,0,0,0,0,0,0,0,0,0,0,0,0,0,0,0.141
-0.399,0.034,-0.01,-0.074,-0.09,0.093,-0.385,0.199,-0.005,0.113,0.019,0.017,0.084,0.511,-0.115,-0.024,-0.017,0.076,-0.082,-0.157,-0.075,0.088,0.116,-0.283,-0.179,0.089,0.003,-0.121,-0.089,0.026,-0.032,0.018,0.007,-0.094,0.136,0.021,-0.022,0.093,-0.055,0.066,0.023,0.013,0.156,0.018,0.091,-0.041,-0.19,0.04,-0.056,0.027,-0.026,0.078,-0.005,0.021,-0.007,-0.091,0.06,-0.043,0.027,0.117,0.119,0.197,-0.097,-0.054,0,0,0,0,0,0,0,0,0,0,0,0,0,0,0,-0.148,-0.195
-0.118,-0.136,-0.087,0.108,-0.071,0.039,-0.208,0.132,0.027,0.177,-0.111,0.004,0.18,0.337,-0.015,0.51,0.132,0.227,-0.229,-0.222,-0.168,-0.122,-0.005,-0.157,-0.091,0.02,-0.025,0.101,-0.219,-0.105,-0.067,-0.059,-0.178,-0.114,0.159,0.024,0.103,0.058,0.068,0.103,-0.059,-0.073,0.086,0.123,-0.117,0.048,-0.088,-0.024,0.102,-0.14,-0.228,-0.029,-0.033,-0.059,0.171,0.041,-0.158,0.119,0.053,-0.073,0.071,0.206,0.004,-0.007,0,0,0,0,0,0,0,0,0,0,0,0,0,0,0,0.051,-0.083
-0.062,-0.122,-0.026,-0.277,0.039,-0.365,0.157,0.039,-0.041,0.038,-0.064,0.383,-0.116,0.354,0.072,0.355,-0.058,0.109,-0.172,-0.051,-0.274,-0.145,0.095,0.005,-0.129,-0.073,0.073,0.15,-0.062,0.154,0.194,0.056,-0.309,-0.069,0.039,0.094,0.184,0.056,0.252,-0.029,0.144,0.046,0.09,0.176,-0.228,-0.054,0.05,0.014,0.06,-0.006,-0.086,-0.14,0.091,0.015,0.192,0.175,0.119,0.166,0.222,-0.151,0.034,0.153,0.056,0.01,0,0,0,0,0,0,0,0,0,0,0,0,0,0,0,-0.115,-0.028
-0.237,-0.005,-0.141,-0.759,0.009,-0.408,0.003,0.037,-0.355,0.123,0.056,0.104,0.311,-0.018,-0.082,0.164,0.145,-0.071,-0.029,0.132,-0.287,-0.218,-0.023,-0.236,0.05,-0.047,0.133,0.039,0.095,0.159,-0.045,-0.04,-0.105,-0.047,0.041,-0.025,0.049,0.153,0.212,0.222,0.065,0.035,0.018,-0.071,-0.061,0.048,-0.024,-0.033,-0.014,0.231,-0.074,0.014,0.044,-0.008,0.047,0.14,0.079,0.12,0.222,0.015,0.098,0.011,-0.003,0.088,0,0,0,0,0,0,0,0,0,0,0,0,0,0,0,-0.064,0.175
0.387,0.012,-0.143,-0.47,0.142,-0.445,-0.295,0.012,-0.148,0.056,0.042,0.33,0.829,-0.024,-0.062,0.203,0.41,-0.075,-0.146,0.134,-0.052,-0.264,0.03,-0.151,-0.043,0.18,0.021,0.109,-0.016,0.073,0.211,0.016,0.024,0.181,-0.069,-0.048,-0.078,-0.004,0.126,0.177,0.008,0.029,0.034,-0.041,0.055,-0.147,0.056,-0.176,-0.166,0.041,-0.084,-0.056,0.155,-0.02,-0.049,0.027,0.022,-0.01,0.118,0.052,0.136,0.03,0.096,0.063,0,0,0,0,0,0,0,0,0,0,0,0,0.008,-0.09,-0.093,-0.159,0.057
0.278,-0.207,0.156,-0.385,-0.169,-0.1,0.039,-0.322,0.356,0.207,0.019,0.169,0.511,-0.016,0.159,0.035,-0.105,0.101,-0.294,0.093,-0.179,-0.261,0.099,-0.083,-0.187,0.018,0.081,-0.168,0.009,-0.036,-0.043,-0.128,-0.003,0.12,-0.144,0.021,-0.074,-0.117,0.173,0.08,0.163,-0.07,0.117,0.134,-0.066,-0.099,-0.01,-0.015,-0.107,-0.117,-0.087,-0.155,0.014,-0.032,0.119,0.199,0.026,-0.048,0.161,-0.007,0.291,-0.221,-0.08,0.107,0,0,0,0,0,0,0,0,0,0,0,0,-0.031,0.265,-0.127,0.16,0.159
0.185,0.177,0.005,-0.105,-0.137,0.048,0.167,-0.206,0.087,0.103,-0.046,0.145,0.362,-0.334,0.252,0.1,-0.015,0.055,-0.328,-0.164,-0.173,-0.015,0.021,-0.033,0.013,-0.055,-0.012,-0.129,0.093,-0.105,0.232,0.056,0.057,0.15,-0.045,-0.011,-0.088,-0.08,0.002,-0.16,0.142,0.106,-0.036,0.136,0.132,0.002,0.002,-0.034,-0.113,-0.324,-0.022,-0.111,0.059,0.045,-0.11,-0.034,0.163,-0.13,0.189,-0.052,0.133,0.179,0.163,0.266,0,0,0,0,0,0,0,0,0,0,0,0.063,-0.138,0.045,0.094,0.015,0.1
0.341,0.199,0.025,-0.11,0.305,0.013,0.013,0.047,-0.127,0.143,0.052,0.156,0.076,-0.15,0.003,-0.239,0.097,-0.301,-0.087,-0.147,-0.068,-0.131,0.215,-0.178,-0.023,0.004,-0.068,-0.157,0.06,0.147,0.013,0.064,0.199,-0.103,0.157,0.012,0.204,-0.172,-0.19,-0.061,-0.154,0.19,-0.166,0.201,0.066,0.132,-0.056,-0.116,-0.09,-0.275,0.01,-0.113,0.123,-0.269,0.092,0.087,-0.02,0.078,0.103,0.05,0.08,0.02,0.189,-0.013,0,0,0,0,0,0,0,0,0,0,0,0.161,0.101,0.078,0.083,-0.195,-0.182
